95.081237793	42.9962844849	0.0334024354815
94.956703186	43.466884613	0.0337358042598
94.8203887939	43.9053955078	0.0334129966795
94.6602478027	44.353313446	0.0332870818675
94.5189285278	44.7058944702	0.0298206750304
94.3706359863	45.0426483154	0.0279614031315
94.1566696167	45.4828491211	0.0296352189034
93.9172821045	45.9268798828	0.028141271323
93.6408233643	46.390422821	0.026471061632
93.3526382446	46.8299217224	0.0263362415135
93.106842041	47.1775093079	0.0245581269264
92.8540496826	47.512638092	0.0242559202015
92.5874099731	47.8475227356	0.0244428198785
92.3019943237	48.1880645752	0.022760193795
92.1012191772	48.4166259766	0.023175381124
91.7033615112	48.8487091064	0.0226747207344
91.4860229492	49.0741348267	0.0226413141936
91.0654602051	49.4936637878	0.0214690286666
90.8446960449	49.7055168152	0.0215440001339
90.4016189575	50.1173553467	0.0203840378672
90.1633453369	50.3319969177	0.0193404071033
89.8062973022	50.6455039978	0.0202481485903
89.5734329224	50.8454360962	0.0217103920877
89.2327575684	51.1323204041	0.0215799659491
88.975402832	51.3453216553	0.0193212609738
88.5007781982	51.7304077148	0.0180043596774
88.2561645508	51.9258575439	0.0186322014779
88.0047531128	52.1248588562	0.0182924885303
87.7634887695	52.3142852783	0.0182644743472
87.4963989258	52.5226249695	0.0182043593377
87.2397537231	52.7215385437	0.0175206288695
86.9827880859	52.919708252	0.0176134482026
86.7046890259	53.1331062317	0.0176315419376
86.455581665	53.3234405518	0.0169633552432
86.1983032227	53.519405365	0.0168987754732
85.9265518188	53.7257766724	0.0179246552289
85.6747894287	53.9165153503	0.0188029464334
85.4213409424	54.1083374023	0.0186556912959
85.1745376587	54.2949409485	0.0176320616156
84.9209899902	54.4863548279	0.0160833522677
84.5350112915	54.7771492004	0.0148771628737
84.28074646	54.9683074951	0.0162177085876
84.0271987915	55.1585693359	0.0176378656179
83.6669692993	55.4282951355	0.0169952996075
83.4256057739	55.6085929871	0.0151933189481
83.1776580811	55.7934379578	0.0137136820704
82.9240951538	55.9820899963	0.0142437461764
82.6751098633	56.1669692993	0.0160124674439
82.1978149414	56.5204658508	0.0158802941442
81.8399581909	56.7844772339	0.0131943291053
81.596206665	56.9638328552	0.012662332505
81.2268600464	57.234954834	0.0151507258415
80.8830413818	57.4866867065	0.0154543537647
80.5308837891	57.743850708	0.0130416406319
80.1638641357	58.0111808777	0.0111938733608
79.7996520996	58.2758255005	0.0121860830113
79.5548248291	58.4534301758	0.0130923818797
79.2908706665	58.6446266174	0.0122389262542
79.0307617188	58.8327636719	0.0112494695932
78.776473999	59.0164489746	0.0112812723964
78.5087738037	59.2095985413	0.0127626303583
78.264755249	59.385471344	0.0139881987125
77.7713012695	59.7406654358	0.0126678254455
77.523399353	59.9188728333	0.0111098336056
77.2704620361	60.100479126	0.00974781066179
77.0043182373	60.2912864685	0.00933104101568
76.7430343628	60.4785919189	0.0102078467607
76.4909515381	60.6591720581	0.0116444323212
76.1152267456	60.9280776978	0.0128046292812
75.8566360474	61.1130142212	0.0114887608215
75.4721603394	61.3879966736	0.00891014840454
75.2220001221	61.5669593811	0.00960927922279
74.9749298096	61.7423019409	0.0130590200424
74.7297134399	61.9158859253	0.0126302232966
74.2447738647	62.2635154724	0.00838314555585
73.9882965088	62.447227478	0.0073325112462
73.6200332642	62.7107048035	0.00971715338528
73.144821167	63.0501708984	0.0105723580346
72.8992233276	63.2253303528	0.008311284706
72.6477661133	63.4044723511	0.00729086995125
72.2849502563	63.662563324	0.0094645768404
71.9292831421	63.915145874	0.00979265756905
71.5734329224	64.1673431396	0.00755632575601
71.2156906128	64.4204101562	0.00583062367514
70.9661560059	64.5966339111	0.0060987113975
70.4750671387	64.9427032471	0.00743567524478
70.1019058228	65.2049713135	0.00596187915653
69.6534500122	65.5193099976	0.00696010654792
69.395942688	65.6993942261	0.00845467299223
69.0101318359	65.9686889648	0.00820517726243
68.6517333984	66.218208313	0.00599105190486
68.4031829834	66.391204834	0.00454098777846
68.1386947632	66.5746231079	0.00437688222155
67.8770370483	66.7561187744	0.00510853156447
67.6058654785	66.9442596436	0.00579744298011
67.3413314819	67.1274871826	0.00516359042376
67.0735549927	67.3124771118	0.00444588251412
66.7877578735	67.5094451904	0.00459724571556
66.5107727051	67.6999893188	0.00590436113998
66.1242904663	67.9716949463	0.00490347156301
65.8693084717	68.1483612061	0.00327572179958
65.4998626709	68.4007873535	0.00511586945504
65.1353225708	68.6491088867	0.0046373619698
64.7681655884	68.8984222412	0.00398688390851
64.2621612549	69.2417449951	0.00325360847637
63.9989089966	69.420425415	0.00239034346305
63.7311019897	69.6022262573	0.00267568603158
63.4754753113	69.7757797241	0.00429095420986
63.2182197571	69.9504318237	0.00568141555414
62.9613761902	70.1248168945	0.00531076174229
62.5856933594	70.3800201416	0.00226021045819
62.2025489807	70.6405029297	0.00176649121568
61.9308547974	70.825378418	0.00256333965808
61.6593513489	71.0102310181	0.00229423237033
61.1382713318	71.3653717041	0.00342548871413
60.7501792908	71.6301956177	0.00393276335672
60.5021362305	71.7995834351	0.00266500166617
60.2477722168	71.9734115601	0.000954190734774
59.9696044922	72.1636505127	0.000287549948553
59.5880393982	72.4248809814	0.001400403562
59.3169403076	72.6106338501	0.0011926391162
59.0540771484	72.7908859253	0.00127726816572
58.7804870605	72.9785766602	0.0013086872641
58.5038414001	73.1685638428	0.000604851869866
58.2390060425	73.350769043	0.000537161889952
57.95728302	73.5449523926	0.000681556353811
57.6683998108	73.7444992065	0.000183693759027
57.4011116028	73.9296112061	0.000243208021857
57.1123809814	74.1301116943	0.000347195833456
56.8349456787	74.3233032227	-0.000199209549464
56.5517883301	74.5210876465	-0.000190204882529
56.2374649048	74.741394043	0.00082401803229
55.9800033569	74.9224319458	0.0014871568419
55.692779541	75.1249771118	0.00126078515314
55.4381065369	75.3051452637	0.00051913689822
55.0623970032	75.5719299316	-0.000134297311888
54.8013267517	75.7579879761	-0.000787479628343
54.4116439819	76.0367355347	-0.00234755850397
54.1494140625	76.2249755859	-0.00209542945959
53.8797111511	76.4191360474	-0.0015847531613
53.5983047485	76.6222457886	-0.00198443443514
53.3398208618	76.8093185425	-0.00191875756718
53.0711021423	77.0042495728	-0.00101629085839
52.7826309204	77.2139434814	-0.000277476094197
52.4189910889	77.4787521362	-0.00106739148032
52.0528259277	77.7459564209	-0.00176191562787
51.8029098511	77.9286193848	-0.00193456222769
51.4523963928	78.1851654053	-0.00263210013509
51.1805992126	78.3843002319	-0.00401631509885
50.8195610046	78.6491012573	-0.00350249628536
50.4652290344	78.9092712402	-0.00140811258461
50.1272735596	79.1575622559	-0.00253736181185
49.867477417	79.3485107422	-0.00452852714807
49.5293426514	79.5970993042	-0.00547871179879
49.1941184998	79.8436737061	-0.00279677007347
48.8604125977	80.0891342163	-0.00282455352135
48.5267105103	80.3345870972	-0.00528174452484
48.0551528931	80.6814117432	-0.00726770190522
47.706489563	80.9379425049	-0.00505302892998
47.3520736694	81.1984786987	-0.00552634336054
46.8807411194	81.5439147949	-0.00427818112075
46.5570907593	81.7800674438	-0.00480033829808
46.2336807251	82.0146636963	-0.00703552318737
45.8828353882	82.2671890259	-0.00874878838658
45.5292129517	82.5192718506	-0.00765362102538
45.1612968445	82.7779541016	-0.00686239404604
44.9147338867	82.94896698	-0.00726435612887
44.5490913391	83.1984405518	-0.00598301365972
44.1996879578	83.4319763184	-0.00572961615399
43.8448295593	83.6627883911	-0.00821679178625
43.4789047241	83.8934555054	-0.00906671211123
43.1272888184	84.1070404053	-0.00644932547584
42.6682701111	84.3738174438	-0.00638143345714
42.2812576294	84.5876846313	-0.00946564786136
41.9310951233	84.7719650269	-0.0084986621514
41.4514427185	85.0090179443	-0.00564823206514
41.0894966125	85.1761627197	-0.00771800521761
40.7282333374	85.3328170776	-0.00950985588133
40.2410125732	85.526725769	-0.00612038467079
39.7676124573	85.6966552734	-0.00618907203898
39.377696991	85.8223724365	-0.00864582695067
39.024723053	85.9245910645	-0.00754089467227
38.6251487732	86.0278167725	-0.00443306006491
38.3016586304	86.1013717651	-0.00516579393297
37.9174385071	86.1765594482	-0.00744180893525
37.5551261902	86.2348327637	-0.00617751386017
37.187412262	86.2824554443	-0.00315087335184
36.8426246643	86.3165512085	-0.00354962586425
36.4487609863	86.3424682617	-0.00578440912068
36.0996246338	86.3537521362	-0.00447527132928
35.7260742188	86.3544311523	-0.00111866672523
35.3887786865	86.3447494507	-0.00127246731427
34.9020690918	86.3125	-0.00367842847481
34.5360145569	86.2736358643	-0.00117550231516
34.1647338867	86.2220687866	-0.000647905049846
33.7941589355	86.1572494507	0.00123580917716
33.4596595764	86.0879211426	0.00276915426366
33.1078910828	86.0034713745	0.00200823415071
32.7457275391	85.9037780762	0.000960532925092
32.4178848267	85.8015670776	0.0039292499423
32.0873641968	85.6875	0.00636065937579
31.637178421	85.5130157471	0.00433093681931
31.3063049316	85.3695526123	0.00682637002319
30.997926712	85.2247314453	0.00901342742145
30.5599937439	84.9996032715	0.00723596895114
30.1354255676	84.7576293945	0.00970293115824
29.7335166931	84.5072555542	0.0115541117266
29.4123439789	84.2908401489	0.013245491311
29.1145553589	84.0777359009	0.0129040759057
28.8045501709	83.8414993286	0.0146276690066
28.5097084045	83.6030807495	0.0155771840364
28.2142181396	83.3491821289	0.0183286890388
27.9447040558	83.1051254272	0.0196899697185
27.6546230316	82.8273773193	0.018472224474
27.3953666687	82.5639953613	0.0206749849021
27.0644016266	82.2072753906	0.0239487681538
26.8123817444	81.9186096191	0.0223935693502
26.5698051453	81.6252441406	0.0239535346627
26.3134231567	81.2982559204	0.0260266251862
26.0720100403	80.9719390869	0.026216879487
25.8514976501	80.6560058594	0.0288949422538
25.6185302734	80.3030700684	0.0302053373307
25.3921203613	79.9378356934	0.0325361341238
25.200630188	79.6105041504	0.0346833243966
25.0086746216	79.2630691528	0.034718722105
24.8247814178	78.9088363647	0.034042853862
24.5768661499	78.3917922974	0.0372901111841
24.3913459778	77.9712295532	0.0394520536065
24.2465171814	77.6184005737	0.0407612100244
24.0959148407	77.2261581421	0.0431615971029
23.9620285034	76.8523788452	0.0429150797427
23.7884902954	76.3224868774	0.044778816402
23.6691379547	75.9236450195	0.0482250824571
23.564447403	75.5445632935	0.0478078909218
23.4348258972	75.0238647461	0.0486176684499
23.3377323151	74.5882415771	0.0505126528442
23.255739212	74.1792144775	0.0508214011788
23.1791591644	73.7490844727	0.0536403283477
23.1139526367	73.3338317871	0.054906770587
23.0528755188	72.8821563721	0.0571992322803
23.0056533813	72.4699249268	0.0593298301101
22.9549674988	71.9125366211	0.0589493736625
22.9256782532	71.474357605	0.0596453696489
22.9065570831	71.0639266968	0.0635066851974
22.8951435089	70.6632537842	0.0643214955926
22.8913650513	70.2432098389	0.0629744082689
22.8959159851	69.8080215454	0.0653977245092
22.9077320099	69.3864440918	0.0663355141878
22.9294872284	68.921257019	0.0672223418951
22.9585494995	68.4831161499	0.0699203461409
22.9842033386	68.1720428467	0.0704590678215
23.0133590698	67.8680343628	0.0716666355729
23.0797786713	67.2888259888	0.0747119635344
23.1361503601	66.8727416992	0.0745378434658
23.2018089294	66.4423141479	0.0738682150841
23.275718689	66.0046615601	0.0770067721605
23.3510360718	65.5933380127	0.0795083045959
23.4348583221	65.1683197021	0.0780460834503
23.4968643188	64.8709564209	0.0780147239566
23.5965709686	64.415397644	0.0804638788104
23.695318222	63.9853439331	0.0808033943176
23.7664089203	63.6860961914	0.0815525203943
23.8742465973	63.2401199341	0.0849935039878
23.9473152161	62.9376525879	0.0868624597788
24.043340683	62.5396194458	0.086505278945
24.1175746918	62.2288513184	0.0853423774242
24.2180099487	61.8027420044	0.0869571939111
24.3190994263	61.3657989502	0.0907035171986
24.4129772186	60.9506492615	0.090444393456
24.5107631683	60.5004997253	0.0898389816284
24.5944366455	60.0973205566	0.0931616723537
24.6831970215	59.647819519	0.0944465100765
24.7576789856	59.2497634888	0.0931370779872
24.8558769226	58.6775131226	0.0968365073204
24.9195232391	58.264415741	0.0989995598793
24.975730896	57.8567581177	0.0979193821549
25.028837204	57.4164161682	0.0983539968729
25.0701141357	57.017036438	0.102087274194
25.1167411804	56.46118927	0.102368921041
25.143075943	56.0399169922	0.102337956429
25.1602592468	55.6386909485	0.105933502316
25.1711654663	55.089176178	0.106406465173
25.1684799194	54.6409797668	0.106409423053
25.1588401794	54.2805938721	0.109874859452
25.1414108276	53.8986282349	0.111278295517
25.1199569702	53.5681343079	0.109947890043
25.0726547241	53.0354766846	0.111305460334
25.0056629181	52.4742774963	0.113976053894
24.9411869049	52.0383529663	0.114628314972
24.8677120209	51.6148376465	0.11786775291
24.7843589783	51.1935119629	0.120365954936
24.6951885223	50.7923660278	0.119759216905
24.6185436249	50.4788169861	0.119416534901
24.4719657898	49.93800354	0.124083705246
24.3649024963	49.5783462524	0.125124752522
24.2349128723	49.1752815247	0.124146357179
24.0980815887	48.7832603455	0.127309069037
23.9586086273	48.4089279175	0.129646286368
23.7998065948	48.0101242065	0.128512501717
23.6482982635	47.6538391113	0.130317136645
23.4815368652	47.2834854126	0.133923739195
23.3136367798	46.9304656982	0.133609429002
23.1246051788	46.5552558899	0.133569538593
22.9426021576	46.2135238647	0.137421786785
22.7426891327	45.8566474915	0.138413965702
22.5468196869	45.5246734619	0.137241572142
22.2463531494	45.0462303162	0.140610307455
22.0266799927	44.7162704468	0.140983551741
21.7779312134	44.3610305786	0.142709121108
21.5191116333	44.009475708	0.145129218698
21.257686615	43.6711845398	0.146490305662
20.9757652283	43.3236961365	0.149439185858
20.7321510315	43.0368614197	0.149517118931
20.3446273804	42.6044883728	0.148824542761
20.0421676636	42.285774231	0.152418792248
19.7289466858	41.9708099365	0.15601208806
19.4232978821	41.677028656	0.155720919371
19.1216583252	41.3997344971	0.154824480414
18.8068714142	41.122795105	0.158038005233
18.503080368	40.865852356	0.160715341568
18.172334671	40.5970726013	0.159469857812
17.8213558197	40.3240585327	0.160644620657
17.5000495911	40.0836715698	0.164505034685
17.1769981384	39.8491744995	0.164491415024
16.7152843475	39.5268211365	0.165003716946
16.3593444824	39.2867126465	0.168588846922
16.039686203	39.0765113831	0.168136954308
15.563252449	38.7732467651	0.169131442904
15.2260980606	38.5639381409	0.172566607594
14.8948631287	38.3607788086	0.171764656901
14.5295324326	38.140171051	0.171271428466
14.1756267548	37.9290771484	0.173920869827
13.7978029251	37.704788208	0.174400761724
13.5371809006	37.5505561829	0.175088763237
13.1560668945	37.3252944946	0.177836447954
12.7708730698	37.0966110229	0.178089633584
12.5015068054	36.9359359741	0.178667068481
12.1159887314	36.7044143677	0.181177020073
11.8353252411	36.534526825	0.181480631232
11.5528039932	36.3618392944	0.181735679507
11.2913646698	36.2004203796	0.182895541191
11.0123176575	36.0260391235	0.185443043709
10.7521133423	35.8614578247	0.187661021948
10.3664894104	35.6134681702	0.188639208674
10.1033973694	35.4410476685	0.188361287117
9.83937740326	35.2652053833	0.187789350748
9.46129322052	35.0083122253	0.188489243388
9.18790531158	34.8187675476	0.190637141466
8.81644153595	34.5556640625	0.194555386901
8.4636516571	34.2996749878	0.195692166686
8.21795654297	34.1173286438	0.194724887609
7.96782875061	33.9281997681	0.194293230772
7.71990633011	33.7370185852	0.196155577898
7.25737667084	33.3707313538	0.200446769595
6.89682483673	33.0757789612	0.200074344873
6.57563257217	32.8055000305	0.199521511793
6.34703493118	32.6087112427	0.20106357336
5.88706493378	32.2013702393	0.203962117434
5.66260290146	31.9967784882	0.205424770713
5.22748565674	31.5889034271	0.208712890744
4.81167602539	31.1842498779	0.208226442337
4.38923311234	30.7567634583	0.209653958678
4.06849431992	30.4207267761	0.212052479386
3.74383068085	30.0700378418	0.212618157268
3.43893480301	29.7305183411	0.215058684349
3.23729610443	29.5003433228	0.216385096312
3.01804828644	29.2449417114	0.217190727592
2.81890749931	29.0078697205	0.218541428447
2.61052799225	28.7547531128	0.21909019351
2.3129940033	28.3841590881	0.220546156168
2.11141729355	28.1267318726	0.222929179668
1.82468354702	27.7516613007	0.225479587913
1.55097317696	27.3831386566	0.225225672126
1.20202100277	26.8977241516	0.226283997297
0.922504901886	26.4959144592	0.228484079242
0.740656137466	26.2279605865	0.229297369719
0.480109512806	25.8341407776	0.232414439321
0.239177256823	25.4592113495	0.234746098518
-0.0083455722779	25.062253952	0.234092310071
-0.245126396418	24.6704120636	0.23443248868
-0.40101364255	24.4056091309	0.236619383097
-0.63148611784	24.0041217804	0.23818744719
-0.786299705505	23.7273044586	0.239457994699
-0.940430045128	23.4456977844	0.241694867611
-1.08221924305	23.1812896729	0.243332609534
-1.2229912281	22.9132461548	0.243888288736
-1.43401074409	22.5007534027	0.243483811617
-1.57802474499	22.2118759155	0.244117572904
-1.78319525719	21.7892456055	0.248120486736
-1.97093820572	21.3914699554	0.250136524439
-2.14240098	21.017993927	0.249665081501
-2.26633024216	20.7415237427	0.24930909276
-2.38726854324	20.4669342041	0.250924527645
-2.51017546654	20.182926178	0.253976494074
-2.67981147766	19.7837848663	0.256022185087
-2.83895635605	19.402305603	0.255470067263
-2.95679521561	19.1161060333	0.255030602217
-3.13254785538	18.6836128235	0.256655424833
-3.29254198074	18.2862510681	0.259968101978
-3.40796279907	17.9980564117	0.260461211205
-3.52409267426	17.7071151733	0.260617703199
-3.64345598221	17.408367157	0.261707991362
-3.76077222824	17.1155338287	0.264295578003
-3.87817430496	16.8238697052	0.266857236624
-4.04650831223	16.4083099365	0.267944157124
-4.22390413284	15.9759340286	0.267181873322
-4.39980459213	15.5539808273	0.267861396074
-4.58547782898	15.1158676147	0.270923912525
-4.70704174042	14.8337888718	0.271825224161
-4.83291769028	14.5466041565	0.273100852966
-4.96660661697	14.2468929291	0.274310022593
-5.10130405426	13.950676918	0.27482521534
-5.24198770523	13.647693634	0.276231646538
-5.37894535065	13.3584890366	0.278548449278
-5.58388090134	12.9373016357	0.281071573496
-5.78235006332	12.5433635712	0.281647473574
-5.99503803253	12.1357793808	0.282927662134
-6.20808506012	11.7416534424	0.284364461899
-6.41680812836	11.3695716858	0.284348428249
-6.63648557663	10.9925041199	0.286325633526
-6.93196678162	10.5063619614	0.290350675583
-7.16255664825	10.1435527802	0.289498806
-7.33443069458	9.88251018524	0.289776057005
-7.5763001442	9.5281829834	0.293538928032
-7.88558673859	9.0947971344	0.294563651085
-8.06623935699	8.8514881134	0.294043779373
-8.40100479126	8.41884803772	0.298247158527
-8.66626358032	8.09091377258	0.299370884895
-8.93044281006	7.77724552155	0.298392683268
-9.29276371002	7.36638069153	0.302757292986
-9.56503009796	7.07068967819	0.304041534662
-9.85052490234	6.77253627777	0.302779555321
-10.2353248596	6.38898992538	0.30700480938
-10.5292510986	6.10821771622	0.308204680681
-10.8254432678	5.83597660065	0.306871533394
-11.1395511627	5.55847835541	0.309286624193
-11.4681377411	5.27895593643	0.310365617275
-11.7969055176	5.01003456116	0.311037242413
-12.1353216171	4.74398374557	0.314634919167
-12.4820947647	4.48137664795	0.316940814257
-12.8094501495	4.24274778366	0.316006928682
-13.2799520493	3.91514420509	0.317220330238
-13.620464325	3.6885445118	0.320934772491
-13.9633331299	3.4688334465	0.320576250553
-14.3244972229	3.2466917038	0.320410639048
-14.6838302612	3.03485774994	0.324024498463
-15.1445951462	2.77563118935	0.324250549078
-15.6486577988	2.50843286514	0.325285971165
-15.9968004227	2.33300614357	0.328611016273
-16.3525657654	2.16103744507	0.327786147594
-16.7469654083	1.97927558422	0.327381819487
-17.1133708954	1.81818079948	0.331260681152
-17.5903625488	1.61841881275	0.331696271896
-18.1054115295	1.41605639458	0.331533789635
-18.4918556213	1.27244400978	0.333378493786
-18.9110984802	1.12407767773	0.333499312401
-19.3265228271	0.98467028141	0.335923403502
-19.7267227173	0.856915473938	0.339036464691
-20.1351623535	0.732800483704	0.338345080614
-20.5469017029	0.613863408566	0.336992383003
-21.1117801666	0.460272312164	0.340042859316
-21.411075592	0.38299703598	0.340245187283
-21.7075767517	0.309191405773	0.340376794338
-22.2940120697	0.171285524964	0.343062698841
-22.774389267	0.0654162168503	0.342993736267
-23.0764465332	0.00211061281152	0.343266665936
-23.5359630585	-0.089879155159	0.346067905426
-23.8481769562	-0.149524331093	0.348175615072
-24.145904541	-0.204234167933	0.348838567734
-24.4602451324	-0.259642183781	0.348377883434
-24.9049396515	-0.333797693253	0.347101837397
-25.2405433655	-0.38656565547	0.347609221935
-25.6737117767	-0.450600743294	0.350962936878
-26.2601833344	-0.530641317368	0.35270678997
-26.7156486511	-0.587527632713	0.350953787565
-27.0177993774	-0.622698009014	0.351012289524
-27.4697704315	-0.671638250351	0.353175967932
-27.7724609375	-0.702159643173	0.353411346674
-28.0884571075	-0.732106685638	0.35423579812
-28.3909378052	-0.758950948715	0.355369716883
-28.7009849548	-0.784611582756	0.355350524187
-29.0150489807	-0.808684229851	0.355930417776
-29.4628334045	-0.839744508266	0.356502860785
-29.9999675751	-0.87219274044	0.357366532087
-30.328168869	-0.890261173248	0.35811984539
-30.6590270996	-0.907703995705	0.358330368996
-30.9830932617	-0.923971533775	0.359446078539
-31.3025474548	-0.939132094383	0.361254274845
-31.6146621704	-0.953177452087	0.362513244152
-31.9195518494	-0.966139912605	0.362469553947
-32.3984985352	-0.984963476658	0.360803842545
-32.7088813782	-0.996200025082	0.361049771309
-33.1708869934	-1.01157438755	0.36427128315
-33.4728240967	-1.02076649666	0.365667968988
-33.7730331421	-1.02930951118	0.365452677011
-34.4060745239	-1.04690623283	0.363521456718
-34.8416976929	-1.05902123451	0.366179347038
-35.2745933533	-1.07262969017	0.368565201759
-35.8545074463	-1.09565162659	0.367140471935
-36.1554489136	-1.11090445518	0.366497039795
-36.7397918701	-1.14800882339	0.37027451396
-37.1534996033	-1.18336927891	0.372063875198
-37.5659446716	-1.22821640968	0.371433436871
-37.9594650269	-1.28097820282	0.371677815914
-38.3562850952	-1.3454720974	0.372504621744
-38.7568817139	-1.42229568958	0.372263610363
-39.1423492432	-1.50831210613	0.373342096806
-39.5311355591	-1.60946118832	0.376223385334
-39.8933486938	-1.71581172943	0.376484751701
-40.250831604	-1.8361992836	0.376310706139
-40.5925369263	-1.97061872482	0.378681719303
-41.0321617126	-2.15803527832	0.378979533911
-41.3864822388	-2.32337594032	0.375726819038
-41.7129707336	-2.49026846886	0.37824138999
-42.0536193848	-2.68305826187	0.382210016251
-42.3785171509	-2.8886089325	0.387559592724
-42.66639328	-3.08302235603	0.415566086769
-42.9734268188	-3.28923821449	0.414018630981
-43.3863067627	-3.5740070343	0.381691813469
-43.6771697998	-3.80747890472	0.388556092978
-43.9537734985	-4.03928852081	0.388110935688
-44.2494049072	-4.30193567276	0.387926906347
-44.5189208984	-4.55548667908	0.392094045877
-44.8292350769	-4.85903692245	0.39074242115
-45.100025177	-5.13493824005	0.39226359129
-45.4726028442	-5.53209018707	0.395051538944
-45.7669067383	-5.86015701294	0.395745635033
-45.9644393921	-6.0877456665	0.397818058729
-46.2430419922	-6.41886997223	0.399023115635
-46.4357414246	-6.65554523468	0.400518804789
-46.7847251892	-7.09972286224	0.403790950775
-47.0326881409	-7.42857122421	0.402807950974
-47.2098693848	-7.67093086243	0.403262674809
-47.443359375	-8.00004196167	0.406973749399
-47.6789779663	-8.34345626831	0.408362925053
-47.9145469666	-8.69974517822	0.407208502293
-48.149394989	-9.0692281723	0.409704566002
-48.3725585938	-9.43354892731	0.410872668028
-48.6063690186	-9.83132457733	0.4119104743
-48.8210220337	-10.2130498886	0.415546447039
-49.0311393738	-10.6033630371	0.417829036713
-49.2299880981	-10.990436554	0.417298346758
-49.4809608459	-11.5076942444	0.418906569481
-49.6571502686	-11.8886003494	0.422378927469
-49.8203201294	-12.2626066208	0.424154102802
-49.9776573181	-12.6513681412	0.425361096859
-50.1151885986	-13.0048341751	0.424137830734
-50.260848999	-13.399766922	0.424393057823
-50.392490387	-13.7769060135	0.427808791399
-50.5272216797	-14.1855344772	0.428594768047
-50.6535644531	-14.5966901779	0.432977050543
-50.7677688599	-14.993897438	0.432524591684
-50.8748626709	-15.3943157196	0.438805282116
-50.9693756104	-15.7943019867	0.443849921227
-51.0619697571	-16.2053623199	0.438955903053
-51.1700973511	-16.7458744049	0.434319138527
-51.2444076538	-17.1845016479	0.437010854483
-51.3055496216	-17.6053237915	0.440514951944
-51.3581314087	-18.0338287354	0.443515449762
-51.3997688293	-18.4444561005	0.444953680038
-51.4328079224	-18.8694763184	0.444532632828
-51.4542961121	-19.2752628326	0.444148868322
-51.4661750793	-19.700050354	0.447512090206
-51.4681892395	-20.1000518799	0.450004518032
-51.46043396	-20.5134353638	0.448601156473
-51.4421920776	-20.9269771576	0.449576199055
-51.4121208191	-21.3617401123	0.451610445976
-51.3726348877	-21.7740631104	0.452630996704
-51.3182373047	-22.2214889526	0.454118788242
-51.2561950684	-22.6376495361	0.455101668835
-51.1581878662	-23.187297821	0.461203277111
-51.0730171204	-23.5892219543	0.467440932989
-50.9778671265	-23.9720096588	0.457202225924
-50.8709526062	-24.3617782593	0.459589451551
-50.7485656738	-24.759437561	0.473954737186
-50.6237945557	-25.1407985687	0.489811360836
-50.493309021	-25.5022296906	0.478566050529
-50.3441886902	-25.8493251801	0.461918443441
-50.1909370422	-26.180015564	0.480465501547
-50.0361022949	-26.5070800781	0.483206838369
-49.8755493164	-26.8079128265	0.469148308039
-49.6872444153	-27.1343421936	0.4609605968
-49.5100860596	-27.4323253632	0.483495920897
-49.3090591431	-27.7571372986	0.481599330902
-49.0917472839	-28.0626335144	0.470901697874
-48.8812255859	-28.3463840485	0.48720356822
-48.6532173157	-28.6431827545	0.50402367115
-48.4138832092	-28.939283371	0.494680345058
-48.1687545776	-29.2150115967	0.479885876179
-47.859085083	-29.5551681519	0.480482935905
-47.6281013489	-29.8159790039	0.501388192177
-47.39245224	-30.0536270142	0.500038683414
-47.1533813477	-30.2824249268	0.494942426682
-46.9242591858	-30.5086574554	0.475575476885
-46.6763305664	-30.7391338348	0.482752352953
-46.4255180359	-30.9555168152	0.505589365959
-46.1431541443	-31.1933956146	0.508668005466
-45.8605957031	-31.4319190979	0.502566218376
-45.548866272	-31.685377121	0.508331000805
-45.2730827332	-31.9105434418	0.475919038057
-44.9714241028	-32.1562347412	0.459234386683
-44.663444519	-32.3996162415	0.468231409788
-44.3391151428	-32.6512870789	0.477868586779
-43.9999160767	-32.9122467041	0.476513743401
-43.6820068359	-33.1545639038	0.475191771984
-43.3479309082	-33.4074211121	0.473611295223
-43.107635498	-33.5882797241	0.473291605711
-42.7582435608	-33.8502616882	0.475579500198
-42.3854598999	-34.1289215088	0.475980460644
-42.0046958923	-34.4127731323	0.475172400475
-41.6574745178	-34.6710929871	0.476418286562
-41.3847770691	-34.8737831116	0.476072192192
-41.1439094543	-35.0527572632	0.475755214691
-40.8828315735	-35.2467193604	0.476518332958
-40.6176681519	-35.4437866211	0.47733438015
-40.3548240662	-35.6392822266	0.476855069399
-40.0777511597	-35.8455314636	0.476449221373
-39.8214416504	-36.0365142822	0.476985871792
-39.5506248474	-36.2386016846	0.478665530682
-39.2858085632	-36.4365386963	0.480121076107
-39.038192749	-36.6218833923	0.480403333902
-38.783946991	-36.8125457764	0.479644089937
-38.5279846191	-37.0048904419	0.478306889534
-38.2700386047	-37.1991004944	0.477465450764
-38.0146865845	-37.391746521	0.478456825018
-37.7631225586	-37.5819168091	0.480433285236
-37.2772598267	-37.9502067566	0.48110178113
-37.026473999	-38.1408996582	0.479576289654
-36.7839584351	-38.3256607056	0.478511869907
-36.4995651245	-38.5427742004	0.479709982872
-36.0459480286	-38.8899917603	0.482609510422
-35.7947998047	-39.0827102661	0.481965482235
-35.3328895569	-39.4380722046	0.479499101639
-35.0921020508	-39.6237411499	0.480562269688
-34.6222724915	-39.9867477417	0.483679324389
-34.262046814	-40.2657279968	0.48133957386
-33.9211769104	-40.5302047729	0.481333196163
-33.4667816162	-40.8833770752	0.484327048063
-32.9914894104	-41.2535705566	0.481491088867
-32.5421524048	-41.6041755676	0.48289000988
-32.2967262268	-41.796169281	0.482691854239
-32.0461578369	-41.9921646118	0.482386350632
-31.8005714417	-42.1845932007	0.483025193214
-31.5508422852	-42.3808403015	0.48391854763
-31.3026008606	-42.5758666992	0.483824908733
-31.0378952026	-42.7831954956	0.483874082565
-30.7817344666	-42.9849014282	0.484272688627
-30.5394573212	-43.176158905	0.485789507627
-30.2923927307	-43.3687553406	0.486878097057
-30.049785614	-43.557308197	0.486962467432
-29.6814041138	-43.8455505371	0.486653387547
-29.3274765015	-44.1258964539	0.489397972822
-29.0855007172	-44.3168945312	0.487039506435
-28.838842392	-44.5104904175	0.487636178732
-28.4628334045	-44.8024253845	0.493357241154
-28.139005661	-45.0499992371	0.499334692955
-27.6940765381	-45.3946990967	0.508003890514
-27.2501125336	-45.7392234802	0.493676781654
-26.9008731842	-46.0103302002	0.492765277624
-26.5810070038	-46.2612838745	0.489084094763
-26.1430397034	-46.6039772034	0.48726940155
-25.8072948456	-46.8693771362	0.493348658085
-25.4854106903	-47.121295929	0.494459211826
-25.171037674	-47.3685798645	0.488721638918
-24.838262558	-47.6316070557	0.48597073555
-24.5185546875	-47.8847770691	0.490047931671
-24.2099437714	-48.128742218	0.49243670702
-23.7603816986	-48.483745575	0.488671422005
-23.4548950195	-48.7249755859	0.490522116423
-23.148273468	-48.967048645	0.4925827384
-22.8292789459	-49.2188682556	0.490251481533
-22.5030097961	-49.4763183594	0.4900431633
-22.1680526733	-49.7405319214	0.49115088582
-21.9209766388	-49.9353637695	0.490641325712
-21.5874557495	-50.1982498169	0.491264820099
-21.2164955139	-50.4905319214	0.492350369692
-20.867307663	-50.7655525208	0.491499185562
-20.6259460449	-50.955581665	0.492172539234
-20.3845481873	-51.1455841064	0.493104696274
-20.1429710388	-51.3356933594	0.492713570595
-19.7049407959	-51.680267334	0.492205321789
-19.4656600952	-51.8684158325	0.493200093508
-19.1908683777	-52.0844497681	0.494142204523
-18.9282188416	-52.29088974	0.493999034166
-18.6576766968	-52.5034790039	0.494306057692
-18.4060287476	-52.7011947632	0.494576156139
-18.1221694946	-52.9241905212	0.494405686855
-17.8725166321	-53.1202926636	0.495054423809
-17.6136817932	-53.3235855103	0.496369600296
-17.3526611328	-53.5285873413	0.497657030821
-17.1112995148	-53.7181358337	0.498254418373
-16.8672809601	-53.9097709656	0.498025238514
-16.63123703	-54.0951576233	0.497211277485
-16.3916053772	-54.2833633423	0.497008442879
-16.0244312286	-54.5717468262	0.49751162529
-15.7113161087	-54.8177146912	0.49654135108
-15.4603595734	-55.0148696899	0.495966851711
-15.1238098145	-55.2792816162	0.498453170061
-14.8062562943	-55.5287742615	0.500468611717
-14.4777421951	-55.7869377136	0.498528301716
-14.1566429138	-56.039024353	0.496420353651
-13.7469387054	-56.3610076904	0.500614762306
-13.3454666138	-56.675453186	0.500348389149
-13.0329427719	-56.9205093384	0.497409373522
-12.7263011932	-57.1612892151	0.497083187103
-12.4048099518	-57.4138450623	0.500670194626
-12.1187934875	-57.6375808716	0.50399017334
-11.8310070038	-57.8608322144	0.500690639019
-11.546462059	-58.0850143433	0.499143838882
-11.2638568878	-58.307559967	0.500933766365
-10.9990777969	-58.5160179138	0.501381158829
-10.7143669128	-58.7400779724	0.499423652887
-10.3281917572	-59.0435905457	0.501203417778
-10.0573997498	-59.2560653687	0.50442224741
-9.79141902924	-59.4645233154	0.503672897816
-9.52324199677	-59.6744499207	0.501002848148
-9.25729942322	-59.8823699951	0.500605762005
-8.98862457275	-60.0920791626	0.502880573273
-8.62889862061	-60.3719711304	0.502155840397
-8.35160636902	-60.5868453979	0.501757860184
-8.06303691864	-60.8092689514	0.503307700157
-7.68423032761	-61.09897995	0.503679215908
-7.31388282776	-61.3788528442	0.504479527473
-6.96202373505	-61.6408462524	0.504598975182
-6.68820381165	-61.8413925171	0.504616975784
-6.42562675476	-62.0307540894	0.504756212234
-6.06643152237	-62.2848243713	0.503425180912
-5.77362251282	-62.4867668152	0.503341674805
-5.48589706421	-62.6803092957	0.505364596844
-5.21719455719	-62.8566055298	0.506221532822
-4.94392061234	-63.0306129456	0.505809903145
-4.57989788055	-63.254283905	0.505489587784
-4.29641199112	-63.4212493896	0.505673885345
-3.94438362122	-63.6201858521	0.505469739437
-3.5750617981	-63.8177108765	0.504266500473
-3.29436969757	-63.9598045349	0.503902852535
-2.99562811852	-64.1026077271	0.505386769772
-2.7008023262	-64.2344970703	0.506537735462
-2.32458543777	-64.3883209229	0.506166577339
-1.95250558853	-64.5236968994	0.505200684071
-1.58592307568	-64.6409759521	0.505705356598
-1.22738873959	-64.7383270264	0.505107939243
-0.771851360798	-64.8386993408	0.50325948
-0.385059982538	-64.9012985229	0.502875506878
0.102537482977	-64.9464035034	0.504321277142
0.478406965733	-64.9546508789	0.503681957722
0.841781616211	-64.9401855469	0.502722859383
1.19329118729	-64.9049758911	0.502107977867
1.53357279301	-64.849822998	0.501764237881
1.85614919662	-64.7767562866	0.500976979733
2.24655413628	-64.6618347168	0.500565230846
2.6420519352	-64.5147018433	0.497960984707
2.9660692215	-64.3670501709	0.497660815716
3.30412626266	-64.1882171631	0.49571377039
3.63656759262	-63.9855651855	0.495500922203
3.96547341347	-63.7560920715	0.496081531048
4.27403926849	-63.5126838684	0.494758158922
4.55912637711	-63.2603378296	0.492345392704
4.82855367661	-62.9928436279	0.491019845009
5.0760641098	-62.7190284729	0.488820195198
5.33389234543	-62.4005241394	0.485549211502
5.57740926743	-62.0597229004	0.485781431198
5.75802087784	-61.7785339355	0.483994543552
5.9819111824	-61.3866767883	0.483284205198
6.13944387436	-61.0781135559	0.481571555138
6.29240512848	-60.7458190918	0.480265557766
6.43218326569	-60.4101791382	0.480290949345
6.56395864487	-60.0619506836	0.477268278599
6.69225025177	-59.6848335266	0.476456701756
6.81067705154	-59.3029022217	0.476328879595
6.91745090485	-58.9262657166	0.4738317132
7.02100515366	-58.5251541138	0.473613798618
7.11561822891	-58.1464996338	0.474170446396
7.24364185333	-57.6035461426	0.469379812479
7.33751678467	-57.1828994751	0.468793660402
7.46051692963	-56.63804245	0.466654092073
7.5601849556	-56.2179107666	0.465402692556
7.63601112366	-55.9162139893	0.463668346405
7.75229120255	-55.4796409607	0.463574051857
7.86771202087	-55.0750389099	0.462006181479
8.00267696381	-54.6416130066	0.460655033588
8.14258384705	-54.2327575684	0.460273265839
8.3013420105	-53.8113555908	0.458632647991
8.44714832306	-53.4584770203	0.45676356554
8.6157283783	-53.0844573975	0.455636620522
8.78600788116	-52.7371101379	0.454730302095
8.97239685059	-52.3877372742	0.453547924757
9.16290473938	-52.0551185608	0.451529324055
9.37255096436	-51.7152099609	0.447837650776
9.5968542099	-51.3800735474	0.447277188301
9.90390872955	-50.9576072693	0.450382322073
10.2157077789	-50.5650177002	0.447591781616
10.462064743	-50.2794723511	0.4446208179
10.7171878815	-49.9977149963	0.440523296595
11.0968179703	-49.6082572937	0.44121670723
11.3829555511	-49.3353614807	0.44593462348
11.6855287552	-49.0607070923	0.446649134159
12.0031681061	-48.7929039001	0.441880524158
12.3168048859	-48.5382385254	0.441729456186
12.6422214508	-48.2829437256	0.444438874722
13.0646810532	-47.9660339355	0.444677710533
13.3894176483	-47.7314186096	0.433790177107
13.7289476395	-47.4956588745	0.434604793787
14.0708093643	-47.2708625793	0.44455653429
14.4213228226	-47.0408248901	0.436741858721
14.7665271759	-46.8205032349	0.435790687799
15.2181081772	-46.5358886719	0.428690969944
15.6741333008	-46.2585754395	0.417582541704
16.0417633057	-46.040802002	0.421900510788
16.4066047668	-45.8262710571	0.421654522419
16.7867259979	-45.6044311523	0.418637812138
17.1628074646	-45.3871154785	0.418099880219
17.68658638	-45.0867767334	0.415265023708
17.9560813904	-44.9329299927	0.415171980858
18.3776283264	-44.6924057007	0.414353430271
18.7802429199	-44.4624252319	0.411865919828
19.0585594177	-44.302986145	0.411272227764
19.3398895264	-44.1413536072	0.411311268806
19.6190700531	-43.9806785583	0.410083383322
19.9004669189	-43.8177604675	0.409319937229
20.3323249817	-43.5643577576	0.407973587513
20.6193332672	-43.3923416138	0.407279640436
21.0374565125	-43.1385116577	0.406530231237
21.3015365601	-42.9764137268	0.405949175358
21.7059402466	-42.7222976685	0.404674381018
21.9678497314	-42.5539245605	0.406717449427
22.3366584778	-42.3096084595	0.408607125282
22.586730957	-42.1393852234	0.40698453784
22.8400192261	-41.9634094238	0.401421606541
23.211315155	-41.6982574463	0.394549369812
23.5919494629	-41.4161376953	0.397059321404
24.0648345947	-41.0509376526	0.398336857557
24.4126777649	-40.7704238892	0.39421030879
24.7592201233	-40.4797477722	0.390477985144
25.2044639587	-40.0898361206	0.389546751976
25.439912796	-39.8762435913	0.389578640461
25.6693458557	-39.6629638672	0.388127237558
25.8973045349	-39.4460983276	0.38718482852
26.112985611	-39.2361984253	0.387258946896
26.433013916	-38.9166412354	0.386462301016
26.7361850739	-38.6049957275	0.383352816105
26.9530792236	-38.3766479492	0.381052851677
27.3591804504	-37.9370002747	0.380442112684
27.5742950439	-37.6983261108	0.378973096609
27.7736740112	-37.4734573364	0.378128409386
27.9846038818	-37.2320480347	0.377238929272
28.1918106079	-36.9912757874	0.375727266073
28.393989563	-36.7530059814	0.375127494335
28.5968856812	-36.5109977722	0.375449955463
28.9801883698	-36.046131134	0.373786211014
29.1726551056	-35.809387207	0.371265411377
29.3688392639	-35.5658111572	0.368895739317
29.5648231506	-35.3203430176	0.368467837572
29.9492416382	-34.8327140808	0.369276762009
30.2128219604	-34.4947471619	0.366249322891
30.4866409302	-34.1407470703	0.362570405006
30.6827087402	-33.8855209351	0.362259119749
30.9534492493	-33.5311889648	0.362059772015
31.2390804291	-33.1556015015	0.359320521355
31.4373550415	-32.8939170837	0.358511090279
31.6282901764	-32.6412391663	0.358162283897
31.8224620819	-32.3838119507	0.356572717428
32.0275650024	-32.1114883423	0.354883879423
32.2499237061	-31.8158473969	0.354357242584
32.4430885315	-31.5588550568	0.35370066762
32.6506576538	-31.2826423645	0.35193786025
32.8887290955	-30.9660015106	0.350424647331
33.0886650085	-30.7000141144	0.350439190865
33.3878097534	-30.3004798889	0.350395083427
33.5749206543	-30.0497245789	0.349297076464
33.7624473572	-29.7978878021	0.347391217947
33.9580383301	-29.5349578857	0.344847977161
34.1511878967	-29.2750587463	0.342715024948
34.3559989929	-28.9992599487	0.341967999935
34.5501861572	-28.7377891541	0.341767191887
34.7576332092	-28.458480835	0.340367972851
34.9571113586	-28.1899719238	0.338815122843
35.1623954773	-27.9138793945	0.337934583426
35.374370575	-27.6290378571	0.33808606863
35.5684967041	-27.3684997559	0.338112443686
35.7604904175	-27.1111984253	0.337355911732
35.9557533264	-26.8498344421	0.335661321878
36.1402435303	-26.6032886505	0.333779722452
36.3461685181	-26.3286018372	0.3314011693
36.5346908569	-26.0775756836	0.329572498798
36.7401313782	-25.8045082092	0.328891843557
36.9336585999	-25.5477657318	0.328660517931
37.1396369934	-25.2749977112	0.327253878117
37.3567733765	-24.9880180359	0.325557887554
37.5531806946	-24.7289428711	0.324718564749
37.7714805603	-24.4415416718	0.324864447117
37.9667930603	-24.1848888397	0.324908703566
38.1802902222	-23.9048118591	0.324072450399
38.3716011047	-23.6542568207	0.322334557772
38.5707931519	-23.3938293457	0.319709599018
38.7753829956	-23.1267623901	0.317448437214
38.9757614136	-22.8656139374	0.317053377628
39.1721458435	-22.6100597382	0.31766730547
39.4586868286	-22.2377319336	0.317121952772
39.6471328735	-21.9932422638	0.315032303333
39.9433670044	-21.609462738	0.311116576195
40.1352272034	-21.3612499237	0.310663849115
40.323184967	-21.1183395386	0.311390072107
40.5078964233	-20.8797874451	0.311439722776
40.7069854736	-20.6228675842	0.309822320938
40.8935890198	-20.3822784424	0.307180941105
41.0897254944	-20.1296043396	0.304813683033
41.3662872314	-19.7736930847	0.304934859276
41.5614089966	-19.5228233337	0.305633455515
41.8214454651	-19.1887645721	0.303811877966
42.0091552734	-18.9478645325	0.301124125719
42.2024421692	-18.6999931335	0.298760563135
42.3870391846	-18.4634284973	0.298545271158
42.6554031372	-18.1198120117	0.299756079912
42.929107666	-17.7696323395	0.297761321068
43.2126731873	-17.4071731567	0.293671816587
43.4844551086	-17.0600795746	0.292726814747
43.8313941956	-16.6173610687	0.293702423573
44.0925102234	-16.284412384	0.290768653154
44.2837219238	-16.0407390594	0.287921190262
44.4763641357	-15.7953491211	0.286114871502
44.7461280823	-15.4518957138	0.28603592515
45.028263092	-15.0928707123	0.285353779793
45.317817688	-14.7245998383	0.282433092594
45.5114822388	-14.4783687592	0.281586229801
45.723613739	-14.2087278366	0.282243221998
45.9932861328	-13.8660535812	0.282274782658
46.2750015259	-13.5081758499	0.278528422117
46.4697189331	-13.2608785629	0.27593100071
46.6663856506	-13.0111465454	0.27536457777
46.8622589111	-12.7624597549	0.275141566992
47.0547599792	-12.5180807114	0.27386534214
47.2547836304	-12.2641868591	0.272648841143
47.4602851868	-12.0033607483	0.272561103106
47.6603050232	-11.749502182	0.272860616446
47.9375152588	-11.3977088928	0.271576792002
48.1341705322	-11.1481590271	0.269180953503
48.3262329102	-10.9044380188	0.266532182693
48.6123886108	-10.5413208008	0.265363276005
48.8050575256	-10.2968273163	0.266280770302
49.0922317505	-9.93239879608	0.265481621027
49.3708343506	-9.57885551453	0.261775225401
49.6551132202	-9.21810722351	0.259165197611
49.9214134216	-8.88015365601	0.260304540396
50.1102676392	-8.64047527313	0.260258883238
50.3860549927	-8.2904586792	0.256405234337
50.5753593445	-8.05020141602	0.254363507032
50.8590927124	-7.69005680084	0.253837555647
51.1385803223	-7.33527851105	0.251942574978
51.4230804443	-6.97410488129	0.250940144062
51.6251335144	-6.71757507324	0.249385088682
51.82371521	-6.46544361115	0.2479313761
52.0218200684	-6.2139005661	0.247255593538
52.2282028198	-5.95182418823	0.246929004788
52.4264831543	-5.70003223419	0.245462566614
52.6389579773	-5.43020772934	0.243784099817
52.852684021	-5.15877246857	0.243130877614
53.0599098206	-4.89556694031	0.242563873529
53.2718963623	-4.62631177902	0.240989357233
53.4836616516	-4.35731267929	0.239767074585
53.6906738281	-4.09435176849	0.239612340927
53.9050636292	-3.82199549675	0.239568412304
54.0998687744	-3.57450461388	0.238946124911
54.2965545654	-3.32461905479	0.237413913012
54.5002059937	-3.06587719917	0.235501125455
54.69921875	-2.81300854683	0.233408614993
54.8940086365	-2.56553578377	0.231389090419
55.1091423035	-2.29229688644	0.23001730442
55.3121147156	-2.03460884094	0.229731217027
55.6314048767	-1.62959182262	0.228758767247
55.8379135132	-1.36787414551	0.226984292269
56.06092453	-1.08547389507	0.225482136011
56.3777542114	-0.684741556644	0.225382506847
56.601474762	-0.402129083872	0.225407451391
56.9931564331	0.091918438673	0.223115488887
57.1939697266	0.34483063221	0.221192598343
57.3936042786	0.595986962318	0.218988835812
57.5999679565	0.855328440666	0.217104941607
57.8065376282	1.11465120316	0.21688503027
58.0013656616	1.35897445679	0.21744145453
58.2010192871	1.60912060738	0.217281728983
58.3980941772	1.85581994057	0.215631097555
58.5877151489	2.09296584129	0.212979108095
58.7947120667	2.35162591934	0.210600286722
58.9953231812	2.60205626488	0.210395231843
59.1846351624	2.83817386627	0.211170017719
59.3770294189	3.07800197601	0.211079359055
59.5707168579	3.31923556328	0.209357753396
59.8627243042	3.68261504173	0.20530167222
60.0605392456	3.9285492897	0.204111874104
60.2553367615	4.1704158783	0.204830542207
60.5312843323	4.51239728928	0.20500549674
60.8124771118	4.860019207	0.20109936595
61.1003417969	5.21436500549	0.199244916439
61.2907409668	5.44768238068	0.200005680323
61.6561965942	5.89296150208	0.198368385434
61.943901062	6.24059677124	0.194509744644
62.2251777649	6.57745361328	0.193453013897
62.4254074097	6.81534004211	0.194516152143
62.7801551819	7.23283338547	0.192663282156
63.0653953552	7.56429243088	0.188778728247
63.3579978943	7.90008354187	0.186500072479
63.5596084595	8.12892150879	0.186848133802
63.8705749512	8.47800254822	0.186167135835
64.072845459	8.70242023468	0.184172257781
64.3908843994	9.05101585388	0.182479918003
64.6012802124	9.27869129181	0.18309931457
64.8126449585	9.50516891479	0.183487191796
65.1312332153	9.84230613708	0.180848568678
65.4547576904	10.1795787811	0.176852494478
65.6656723022	10.3967266083	0.176458775997
65.8795394897	10.6147785187	0.177439779043
66.2933578491	11.0309877396	0.17621588707
66.5086517334	11.244512558	0.173338070512
66.731918335	11.4638376236	0.170932129025
66.9493560791	11.6754932404	0.170530289412
67.180557251	11.898560524	0.17044505477
67.4120178223	12.1199455261	0.169276565313
67.639465332	12.3355998993	0.168523699045
67.8663024902	12.5489397049	0.167657956481
68.106048584	12.7726097107	0.166066542268
68.3379592896	12.9872903824	0.165301799774
68.5793304443	13.2090492249	0.164544373751
68.8433380127	13.4496459961	0.162943452597
69.1989746094	13.7705469131	0.161870792508
69.4533691406	13.9978761673	0.160610228777
69.7007904053	14.2172956467	0.159384638071
70.0948944092	14.5634260178	0.158247947693
70.3374633789	14.7745256424	0.156808450818
70.6139297485	15.0133647919	0.155917674303
70.8626251221	15.2267665863	0.15592969954
71.1140060425	15.4410324097	0.155804395676
71.3511505127	15.6420173645	0.154984951019
71.6034698486	15.8547000885	0.153264299035
71.8564147949	16.0666694641	0.150856360793
72.1028366089	16.2720680237	0.148848891258
72.3578948975	16.4835891724	0.148487478495
72.6135635376	16.6944961548	0.149152874947
72.857208252	16.8945636749	0.149156793952
73.0923080444	17.0868282318	0.147786736488
73.3395690918	17.2882137299	0.14512783289
73.5900344849	17.4913768768	0.142801627517
73.8343200684	17.6887741089	0.142481863499
74.07862854	17.8854389191	0.143319666386
74.3209686279	18.079908371	0.143370255828
74.7965087891	18.4598197937	0.13923831284
75.0542526245	18.6648578644	0.136922225356
75.4021835327	18.9406890869	0.137313902378
75.7503814697	19.2158584595	0.137795865536
75.9893417358	19.4042625427	0.135546565056
76.236831665	19.5990085602	0.132772281766
76.5828552246	19.8706245422	0.13246679306
76.9356536865	20.1472549438	0.133008778095
77.2766876221	20.4146270752	0.130133017898
77.517250061	20.603313446	0.127489492297
77.7535018921	20.7887134552	0.126195907593
77.9943466187	20.9779319763	0.126470729709
78.2326431274	21.1654014587	0.125739097595
78.6078948975	21.4611778259	0.123563915491
78.8628692627	21.6626052856	0.123147539794
79.1092605591	21.8576469421	0.122906282544
79.3724746704	22.0664806366	0.121182158589
79.6284790039	22.2700748444	0.119459487498
79.8891296387	22.4778842926	0.118659362197
80.1513977051	22.6875305176	0.11912869662
80.4168014526	22.9002628326	0.119492650032
80.7747344971	23.1880779266	0.11791331321
81.0153579712	23.3823375702	0.115792647004
81.2675552368	23.5866165161	0.113268576562
81.6403656006	23.88996315	0.112085007131
81.8812026978	24.0868282318	0.112884767354
82.1199493408	24.2826499939	0.11308016628
82.4704437256	24.5713386536	0.110786482692
82.8115692139	24.8538093567	0.108820751309
83.1505889893	25.1359558105	0.107347294688
83.4756393433	25.4077510834	0.105111792684
83.7067489624	25.6018180847	0.10328117013
84.1440582275	25.9712409973	0.104503408074
84.4611587524	26.2408409119	0.103374108672
84.7754821777	26.5096569061	0.0996397361159
85.0991668701	26.7881698608	0.0966581776738
85.4317855835	27.0761108398	0.0965972691774
85.8577270508	27.4474544525	0.0984964072704
86.2687530518	27.8086891174	0.0945895761251
86.5787277222	28.0831184387	0.0912795886397
86.8970108032	28.3667793274	0.0912573561072
87.1996765137	28.6382427216	0.0924501046538
87.4789962769	28.8903236389	0.0898626893759
87.8696136475	29.2454586029	0.0855100750923
88.1801986694	29.5300788879	0.084436185658
88.4802627563	29.8071746826	0.0864735394716
88.7669677734	30.0738430023	0.0859607681632
89.0435943604	30.3329982758	0.0817339867353
89.3345031738	30.6077899933	0.0797819942236
89.6001968384	30.8608207703	0.0817730724812
89.8695144653	31.1193180084	0.0800191536546
90.2321548462	31.4717330933	0.0756852775812
90.4900741577	31.7259616852	0.077202513814
90.7542266846	31.989528656	0.0755778551102
91.0038528442	32.242767334	0.0719337314367
91.2932128906	32.5423469543	0.0728560164571
91.6071548462	32.8744392395	0.0725141614676
91.8542785645	33.1426925659	0.0683529376984
92.1807250977	33.5097808838	0.0679317191243
92.4042053223	33.7704696655	0.068661570549
92.6270904541	34.0400123596	0.0666319876909
92.8489303589	34.3194694519	0.0628464967012
93.0699310303	34.6114234924	0.0614371448755
93.2803344727	34.9040794373	0.0635832846165
93.5407180786	35.2887496948	0.06209436059
93.7302017212	35.5884780884	0.0579805336893
93.9137191772	35.8997268677	0.057291418314
94.0850372314	36.2121810913	0.0588204748929
94.2352828979	36.5067901611	0.0574823915958
94.3854827881	36.8258285522	0.0537633523345
94.5242156982	37.1497192383	0.0526143051684
94.6473617554	37.4668312073	0.0537159480155
94.7567367554	37.7790031433	0.0529086738825
94.88722229	38.204536438	0.0499898344278
95.0024032593	38.6550521851	0.046611353755
95.0722427368	38.9889411926	0.0474893711507
95.129486084	39.3207435608	0.0479649044573
95.1750793457	39.6530380249	0.0460519492626
95.2086334229	39.9800758362	0.0426853634417
95.2331008911	40.355632782	0.0410688817501
95.2421264648	40.6888656616	0.042800270021
95.2403411865	41.023349762	0.0429729111493
95.2277984619	41.3591842651	0.040119536221
95.2026138306	41.7102584839	0.0374566651881
95.1660003662	42.0528182983	0.0375122055411
95.1145324707	42.4146881104	0.036617167294
95.0534667969	42.7556343079	0.0372103080153
94.9823760986	43.0894012451	0.0365407466888