86.1622161865	56.9771194458	0.0085616176948
85.7836608887	57.2581596375	0.00796510092914
85.5181732178	57.4551467896	0.00719827692956
85.2716827393	57.6376228333	0.00636032409966
85.0197677612	57.8250732422	0.0111637338996
84.7478485107	58.0267333984	0.00957183819264
84.4995651245	58.2096557617	0.0068122963421
84.2489318848	58.3945159912	0.00560317421332
83.9970550537	58.5804443359	0.00581693090498
83.7511291504	58.7631492615	0.00665009813383
83.5107803345	58.9432907104	0.00649165734649
83.2525939941	59.1362457275	0.00467434898019
83.0028762817	59.3231925964	0.00460214586928
82.6393432617	59.5961494446	0.00615775678307
82.159034729	59.9579925537	0.00379376253113
81.9133834839	60.141544342	0.00261568161659
81.6731872559	60.3223571777	0.00384392729029
81.325378418	60.5884666443	0.00609977776185
80.8636016846	60.9404640198	0.00331526366062
80.5026016235	61.2134056091	0.00134122930467
80.1606445312	61.4714736938	0.0040702666156
79.8086013794	61.737411499	0.0100266225636
79.4685211182	61.9972267151	0.00630430644378
79.0044937134	62.3476448059	-0.00183565774933
78.7637863159	62.5280761719	-0.000572177232243
78.3941497803	62.8022041321	0.00316038564779
78.0596389771	63.0506782532	0.00348761631176
77.720916748	63.3029556274	0.00177434855141
77.3884811401	63.5515556335	0.00165327324066
77.0631637573	63.794342041	0.00620936322957
76.7459793091	64.0400695801	0.0171606596559
76.4090805054	64.2866897583	0.000203994073672
76.0921401978	64.5143051147	-0.00319002335891
75.7669143677	64.7476196289	0.00584777444601
75.4440689087	64.9802322388	0.00431955978274
75.1274108887	65.2097625732	-0.000384808779927
74.8100738525	65.4376983643	-0.00311783305369
74.3718719482	65.7509231567	-0.00147563091014
74.0540466309	65.9778366089	0.0013938533375
73.7383346558	66.2027206421	-0.00136578257661
73.4018630981	66.4416046143	-0.00378993083723
73.0694732666	66.676902771	-0.00230069831014
72.7123336792	66.9291229248	-0.00313169532456
72.3662261963	67.1729202271	-0.00292981043458
71.8840637207	67.511505127	-0.00293811038136
71.6362380981	67.6850585938	-0.00387396570295
71.2522277832	67.9533538818	-0.00295736710541
70.988319397	68.1373138428	-0.00318613904528
70.6124038696	68.3987808228	-0.00445664254948
70.3530426025	68.5790557861	-0.00440768525004
70.0897750854	68.7612609863	-0.0027060075663
69.8365783691	68.936378479	-0.00140140752774
69.5788421631	69.114402771	-0.00172783620656
69.3225021362	69.2912139893	-0.00315747014247
69.0570526123	69.4740142822	-0.00486979354173
68.6902313232	69.7261962891	-0.00556649826467
68.437789917	69.8994979858	-0.00394373433664
68.0771942139	70.146697998	-0.00231347233057
67.7066650391	70.4003753662	-0.00405211560428
67.4452438354	70.5791168213	-0.00599611597136
67.1969451904	70.7487487793	-0.0064124497585
66.8324508667	70.9974822998	-0.00391022674739
66.4733047485	71.2423553467	-0.00347885861993
66.1116256714	71.4887084961	-0.005854758434
65.7369308472	71.7437515259	-0.00766787258908
65.3598022461	72.0003890991	-0.00662334822118
65.1084060669	72.1714630127	-0.00569926016033
64.710357666	72.4423522949	-0.00670329853892
64.4547271729	72.616355896	-0.00667105522007
64.057258606	72.8870010376	-0.00714825233445
63.7900695801	73.0667953491	-0.00724162068218
63.5118637085	73.2547531128	-0.00728965550661
63.2502288818	73.4321670532	-0.00619793217629
62.9849624634	73.6122207642	-0.00505510531366
62.4848594666	73.9517288208	-0.00616423366591
62.2332992554	74.122718811	-0.00775100523606
61.9723701477	74.3032836914	-0.0049846530892
61.7119216919	74.4814758301	-0.0064352247864
61.4422531128	74.6649093628	-0.00813802238554
61.1905670166	74.8363342285	-0.00803436990827
60.9384918213	75.0084457397	-0.0070947194472
60.5589981079	75.2682189941	-0.00759624876082
60.1778411865	75.5297698975	-0.009596016258
59.7959442139	75.7925338745	-0.00814753212035
59.4281234741	76.04637146	-0.0069018448703
58.928981781	76.3923950195	-0.0102975796908
58.6788215637	76.5665664673	-0.0099214753136
58.3089981079	76.8249511719	-0.00768115650862
57.9680099487	77.0641403198	-0.0090359300375
57.72133255	77.2377929688	-0.0109334737062
57.2307281494	77.5847320557	-0.0103856185451
56.9798736572	77.7628631592	-0.0110770445317
56.7298164368	77.940864563	-0.0116551667452
56.468547821	78.1279907227	-0.0112359914929
56.2119483948	78.3122558594	-0.0105642713606
55.9558448792	78.4965820312	-0.0112352352589
55.6784515381	78.6967163086	-0.0120502021164
55.4166946411	78.8857498169	-0.0117768058553
55.0151405334	79.1770248413	-0.011299082078
54.7532081604	79.3681411743	-0.0116455052048
54.3508071899	79.6622009277	-0.0116419130936
54.0719490051	79.8661956787	-0.0124887665734
53.8116073608	80.0569152832	-0.0122569147497
53.5485076904	80.2499694824	-0.0112549699843
53.2947540283	80.4363479614	-0.00957897584885
53.0415267944	80.6231460571	-0.00937735754997
52.795463562	80.8047332764	-0.0115740988404
52.5351448059	80.9968414307	-0.0140087753534
52.2759628296	81.1881103516	-0.0153015647084
52.0227661133	81.3750152588	-0.0148014370352
51.7469482422	81.5787277222	-0.0138848880306
51.4972686768	81.7633132935	-0.0139709319919
51.2306747437	81.9605865479	-0.013772636652
50.9593162537	82.1598052979	-0.014342145063
50.6907920837	82.3586883545	-0.015371369198
50.4200515747	82.559463501	-0.015263222158
50.153793335	82.7570114136	-0.0139531027526
49.8781509399	82.9616851807	-0.0128097105771
49.5154800415	83.2308044434	-0.0133575536311
49.2554092407	83.4233398438	-0.0148656331003
48.8808746338	83.6998901367	-0.0169411376119
48.6201438904	83.891494751	-0.016332378611
48.3682479858	84.0758666992	-0.0147144850343
48.1250991821	84.2528610229	-0.0139082409441
47.8569068909	84.446975708	-0.0147267282009
47.477481842	84.7189712524	-0.0174428913742
47.1116256714	84.9778518677	-0.0172074753791
46.7431144714	85.2348022461	-0.0149589395151
46.3792228699	85.4841461182	-0.0156386438757
46.0013198853	85.7380065918	-0.0182812511921
45.628200531	85.9836120605	-0.0178897716105
45.2606048584	86.2184448242	-0.0154906725511
44.8983764648	86.4414520264	-0.0160489771515
44.4010543823	86.7335357666	-0.0191102698445
43.9016952515	87.0104675293	-0.0164111703634
43.5303878784	87.205909729	-0.0161959957331
43.1378555298	87.4024658203	-0.01839806512
42.7633361816	87.5802001953	-0.0188068822026
42.2608604431	87.8040390015	-0.0156075069681
41.8793258667	87.962928772	-0.0174070186913
41.3640594482	88.1619033813	-0.0181839354336
40.9573440552	88.3063278198	-0.0172891020775
40.5467071533	88.4407272339	-0.0169416815042
40.1331138611	88.5645141602	-0.0148572176695
39.750289917	88.6688919067	-0.0150925926864
39.2007255554	88.8009262085	-0.0174597464502
38.6542472839	88.9113998413	-0.0141015108675
38.2513084412	88.9800872803	-0.0130150541663
37.8573150635	89.0359420776	-0.0149565143511
37.4365348816	89.083114624	-0.0154689447954
37.017829895	89.1174545288	-0.0132426796481
36.6078872681	89.1391296387	-0.0133707383648
36.0114212036	89.1494140625	-0.0102637354285
35.62134552	89.1430511475	-0.01012192294
35.2074966431	89.1239089966	-0.0119454413652
34.8024749756	89.0920028687	-0.010300216265
34.4051399231	89.0507965088	-0.00694086588919
34.0192947388	89.0005111694	-0.00833506323397
33.6177825928	88.9342803955	-0.00916606280953
33.2342414856	88.860748291	-0.00550048938021
32.729434967	88.7472610474	-0.00554728787392
32.3218765259	88.6395874023	-0.00406254269183
31.9627380371	88.53515625	-0.00351657858118
31.4343605042	88.3633422852	-0.00393079547212
30.9093494415	88.1693572998	0.000143488257891
30.5231075287	88.0125656128	0.00154067808762
30.1697158813	87.8573379517	0.000545830989722
29.6758460999	87.6199188232	0.00176821113564
29.209903717	87.37449646	0.00552944047377
28.7426776886	87.1059494019	0.00401508389041
28.4055042267	86.8966445923	0.00704885879532
28.0875034332	86.6879882812	0.00906325411052
27.7528648376	86.4553756714	0.00768784433603
27.4417304993	86.2260818481	0.00945809856057
27.0346107483	85.9076843262	0.0130801927298
26.6389312744	85.5765151978	0.011574132368
26.2600650787	85.2372817993	0.0159215256572
25.9837608337	84.9763641357	0.0167736150324
25.6825752258	84.677154541	0.0154160000384
25.3429679871	84.3202209473	0.0186861678958
24.982427597	83.9174880981	0.0191246066242
24.7719154358	83.6695175171	0.0209499746561
24.4420776367	83.261390686	0.0232152938843
24.1020622253	82.8122253418	0.026404986158
23.7926044464	82.3761672974	0.0279306992888
23.4883537292	81.9172210693	0.027155302465
23.2635726929	81.5562133789	0.0288331620395
23.0457019806	81.1864318848	0.0322420597076
22.8391666412	80.81590271	0.0326486751437
22.6982784271	80.5499801636	0.0339287109673
22.5032272339	80.1625366211	0.0350099131465
22.2641067505	79.6515960693	0.0388199873269
22.0933036804	79.2599563599	0.0399437248707
21.9328861237	78.867401123	0.0390249118209
21.8243083954	78.5857925415	0.0407403483987
21.6833953857	78.199508667	0.0443477258086
21.5483226776	77.8045501709	0.0441021807492
21.4193191528	77.3985748291	0.0439178235829
21.2988643646	76.9903717041	0.0466561540961
21.1489601135	76.4355773926	0.0483351498842
21.0746040344	76.1371002197	0.0495567135513
20.944519043	75.5670700073	0.051278911531
20.8799915314	75.2568130493	0.0526253581047
20.7945480347	74.8086776733	0.0534362047911
20.7193088531	74.3675918579	0.0565180405974
20.6509208679	73.9173049927	0.0587011836469
20.596244812	73.5067443848	0.0582410208881
20.5607872009	73.2062911987	0.0578480474651
20.5015945435	72.6107330322	0.0610777810216
20.4573078156	72.0278091431	0.0625693798065
20.4383583069	71.7018814087	0.0637681633234
20.4241294861	71.3895797729	0.0642248094082
20.4137973785	71.078125	0.0656202435493
20.404460907	70.4863052368	0.069472014904
20.4083442688	69.9039535522	0.0689121335745
20.4156627655	69.6009979248	0.0685897916555
20.4269142151	69.2922058105	0.0701911374927
20.4416637421	68.9843673706	0.0719721987844
20.4601707458	68.6741790771	0.0726136565208
20.4951457977	68.208190918	0.0747313499451
20.5348567963	67.7802886963	0.077280305326
20.5671539307	67.4794311523	0.0775998234749
20.6035881042	67.1751708984	0.0767238587141
20.6660842896	66.712890625	0.076926112175
20.7310180664	66.2863693237	0.0806758105755
20.8268260956	65.7212677002	0.0826736912131
20.8833770752	65.4145812988	0.0817788615823
20.9678459167	64.9846191406	0.0812059119344
21.0625762939	64.5344314575	0.0835283398628
21.1327228546	64.2164840698	0.0855288282037
21.2692260742	63.628704071	0.0857112556696
21.3448371887	63.3138084412	0.0869132652879
21.4865455627	62.7245292664	0.0910993590951
21.6254768372	62.1454162598	0.0904321819544
21.6997470856	61.8341827393	0.0898997336626
21.7690620422	61.5417518616	0.0915221273899
21.9045181274	60.9593276978	0.0957494080067
22.0016326904	60.5266189575	0.0953671783209
22.09674263	60.0843658447	0.0942765176296
22.1590480804	59.783115387	0.0948943868279
22.2183933258	59.4849014282	0.0966583192348
22.3061771393	59.0204086304	0.0993021801114
22.3860282898	58.5597381592	0.100428469479
22.4332695007	58.2630462646	0.102047502995
22.4772052765	57.9658737183	0.103477917612
22.5389156342	57.4968948364	0.103994548321
22.5838947296	57.0958518982	0.104690089822
22.6257038116	56.6338233948	0.106454625726
22.6523227692	56.2517204285	0.106619335711
22.6737518311	55.8063621521	0.107025399804
22.6845626831	55.381855011	0.110539928079
22.6864547729	54.9736709595	0.111938461661
22.6788368225	54.5718955994	0.11138355732
22.6602363586	54.1404418945	0.110920503736
22.630531311	53.7085533142	0.113294489682
22.5743484497	53.1434440613	0.118369758129
22.5197734833	52.7243537903	0.118119984865
22.4563236237	52.3207321167	0.116967327893
22.3745326996	51.878944397	0.119832791388
22.2887992859	51.4756317139	0.121190130711
22.1818199158	51.0312843323	0.123463489115
22.0784816742	50.6454963684	0.126045912504
21.921705246	50.1209373474	0.12574402988
21.7314815521	49.5586166382	0.127941280603
21.5882759094	49.1744003296	0.131266534328
21.445022583	48.8171424866	0.130907848477
21.2779140472	48.4305648804	0.130999431014
21.112443924	48.0737304688	0.134645625949
20.9329185486	47.7105178833	0.13576041162
20.7386207581	47.343082428	0.134736388922
20.5416374207	46.9944534302	0.137669026852
20.3385314941	46.6547927856	0.1407148242
20.0463676453	46.1980743408	0.139485806227
19.8174781799	45.8642158508	0.142609447241
19.5211105347	45.4570007324	0.144650995731
19.2755432129	45.1397857666	0.143652454019
19.0191383362	44.8265266418	0.146956592798
18.7798786163	44.5480804443	0.149198740721
18.5130271912	44.2525062561	0.147922515869
18.245059967	43.9709014893	0.14938955009
17.8903999329	43.6180152893	0.15335957706
17.6035556793	43.3476524353	0.151909545064
17.319437027	43.0926589966	0.153728157282
17.026052475	42.8404312134	0.157017469406
16.7466106415	42.6096458435	0.156220018864
16.3358821869	42.2867012024	0.15739390254
16.0335102081	42.0595283508	0.160984009504
15.7188186646	41.8310470581	0.16015535593
15.4115028381	41.6153335571	0.159850046039
15.1087970734	41.4093780518	0.163781538606
14.797036171	41.2025871277	0.164478853345
14.4712982178	40.9918861389	0.162959247828
14.1503658295	40.7891998291	0.165929451585
13.8175516129	40.5831451416	0.166426360607
13.3525562286	40.301525116	0.167143121362
12.9964179993	40.0895271301	0.169433295727
12.6211795807	39.8675384521	0.169787794352
12.1152000427	39.5693435669	0.172649204731
11.7436447144	39.3503684998	0.172701328993
11.4711065292	39.1893997192	0.173159450293
11.2070293427	39.032951355	0.175240680575
10.8284425735	38.8072433472	0.178916305304
10.4588460922	38.5847892761	0.178856000304
10.1860723495	38.4186515808	0.177732616663
9.82015609741	38.1928215027	0.179652631283
9.44697570801	37.958896637	0.183353513479
9.09875965118	37.7365913391	0.182979598641
8.61141872406	37.4180221558	0.183729410172
8.25433158875	37.1787338257	0.187360718846
7.90523386002	36.9397659302	0.187162026763
7.54269886017	36.6858139038	0.186842769384
7.20836353302	36.4462585449	0.190529018641
6.87605190277	36.2029953003	0.191807448864
6.62828731537	36.0179138184	0.19067427516
6.30039215088	35.7677612305	0.191724106669
5.95987415314	35.5016098022	0.193719118834
5.72465753555	35.3138504028	0.193975269794
5.385638237	35.0372161865	0.195593595505
5.14633083344	34.8375701904	0.19759234786
4.91529035568	34.6412773132	0.198200881481
4.68326997757	34.4404716492	0.199337750673
4.450715065	34.2354202271	0.201434031129
4.12804317474	33.9447669983	0.203132495284
3.90589189529	33.7401733398	0.202943727374
3.60172080994	33.4540023804	0.202386498451
3.37999629974	33.2407150269	0.204192399979
2.97189474106	32.8380470276	0.208630278707
2.67967844009	32.5411186218	0.208648890257
2.37661886215	32.224822998	0.207797706127
2.16943287849	32.003616333	0.20843167603
1.87876772881	31.6861839294	0.211744457483
1.66095125675	31.4428806305	0.213053256273
1.3321557045	31.0663299561	0.213231652975
1.04464638233	30.7275161743	0.215590164065
0.817772209644	30.4536552429	0.217135936022
0.608028173447	30.1952667236	0.218094572425
0.325982749462	29.8396492004	0.220939099789
-0.046767257154	29.3552436829	0.222802698612
-0.329310745001	28.9761657715	0.222111672163
-0.583228170872	28.6266059875	0.224159181118
-0.83885127306	28.2661209106	0.228004172444
-1.01909291744	28.006772995	0.228847265244
-1.24656784534	27.6727275848	0.228279232979
-1.41435623169	27.4211883545	0.227916121483
-1.58412575722	27.1621875763	0.22862868011
-1.74998188019	26.9045600891	0.230423465371
-1.91156959534	26.6488342285	0.233358070254
-2.07255220413	26.3895568848	0.235851764679
-2.30479550362	26.0068855286	0.236098140478
-2.53295993805	25.6200370789	0.235141053796
-2.75835609436	25.2266693115	0.238587066531
-2.96358108521	24.8589248657	0.241429597139
-3.1763510704	24.4672660828	0.240478679538
-3.38139653206	24.0790271759	0.241862371564
-3.58129453659	23.6901378632	0.245725870132
-3.76825404167	23.3167591095	0.245616197586
-3.97252511978	22.8971920013	0.24550563097
-4.15025901794	22.5218677521	0.249391764402
-4.32713270187	22.1389961243	0.251118540764
-4.50223970413	21.7498779297	0.250052452087
-4.72520685196	21.2403411865	0.254238307476
-4.8906378746	20.8537578583	0.25553303957
-5.05341720581	20.4663162231	0.254468947649
-5.21789979935	20.0683059692	0.257547736168
-5.37157726288	19.6921367645	0.260439813137
-5.53304290771	19.2929592133	0.259184598923
-5.68716001511	18.9090042114	0.260266155005
-5.90637540817	18.3624095917	0.262619018555
-6.01987075806	18.0795097351	0.263151735067
-6.13373327255	17.7966899872	0.264788746834
-6.24972867966	17.5111026764	0.266756802797
-6.48497581482	16.9398059845	0.26747584343
-6.6043586731	16.654542923	0.269043713808
-6.72311782837	16.3742790222	0.27079719305
-6.85514688492	16.0673828125	0.271587371826
-6.97925424576	15.7837409973	0.273024350405
-7.1058177948	15.4988327026	0.274906247854
-7.22950935364	15.2249135971	0.276712924242
-7.41996383667	14.8132429123	0.27754843235
-7.60769271851	14.4172306061	0.278441429138
-7.74376535416	14.1352043152	0.280114769936
-7.94734811783	13.7313051224	0.281181961298
-8.14693832397	13.3470249176	0.28570792079
-8.34734249115	12.969420433	0.297995954752
-8.55303955078	12.6060714722	0.287466704845
-8.76453590393	12.2525081635	0.28288552165
-8.97002696991	11.9191608429	0.28512686491
-9.19921779633	11.5605430603	0.287788629532
-9.43421936035	11.2083625793	0.290795832872
-9.68424606323	10.8497524261	0.291985929012
-9.94452476501	10.4922981262	0.291504234076
-10.2073020935	10.1469783783	0.294346690178
-10.4743919373	9.81071281433	0.297964036465
-10.7500228882	9.47824573517	0.298016786575
-11.0348129272	9.14967536926	0.297214329243
-11.4361782074	8.71055698395	0.300778925419
-11.7468748093	8.38817977905	0.301846832037
-12.0757045746	8.06284236908	0.304887592793
-12.4753131866	7.68704891205	0.306682348251
-12.7912998199	7.40450572968	0.30584859848
-13.134305954	7.11136817932	0.307577013969
-13.5654325485	6.76096343994	0.311752021313
-13.8981294632	6.50334644318	0.311489999294
-14.2329959869	6.25518417358	0.310857951641
-14.5746574402	6.01317405701	0.314058661461
-14.9274711609	5.77380561829	0.316718935966
-15.2631578445	5.55605983734	0.31534332037
-15.6388683319	5.32384204865	0.316304922104
-16.1264915466	5.03874444962	0.318456798792
-16.5083045959	4.82806682587	0.320050299168
-16.7776603699	4.68581104279	0.320588111877
-17.1743545532	4.48531293869	0.32097145915
-17.4462890625	4.35397672653	0.322213351727
-17.7213687897	4.22578525543	0.32393860817
-18.0032310486	4.09923934937	0.324495762587
-18.285993576	3.976998806	0.32556450367
-18.5652008057	3.86083102226	0.327368617058
-18.8476638794	3.74761605263	0.328656941652
-19.2582130432	3.59043836594	0.328264653683
-19.671869278	3.44085836411	0.327490150928
-19.9576435089	3.34254980087	0.329058378935
-20.5145874023	3.161465168	0.333352982998
-20.9388122559	3.03255963326	0.332937598228
-21.3545913696	2.91365218163	0.331723034382
-21.7718009949	2.801435709	0.33441388607
-22.1735630035	2.699477911	0.337068140507
-22.5994033813	2.59793138504	0.335541188717
-23.0350570679	2.50072789192	0.33594173193
-23.4700489044	2.40980911255	0.33760112524
-23.9228725433	2.32117605209	0.337716042995
-24.2385635376	2.26307582855	0.33890068531
-24.6814155579	2.18639826775	0.340674579144
-25.1496620178	2.11126232147	0.341485470533
-25.4716682434	2.06315541267	0.342039018869
-26.1097297668	1.97597491741	0.343023896217
-26.5497493744	1.92206120491	0.345765650272
-26.8695163727	1.88586890697	0.346729457378
-27.3103752136	1.84034335613	0.345639139414
-27.7769298553	1.79773390293	0.345177769661
-28.2172603607	1.76280605793	0.34832778573
-28.6642589569	1.73243355751	0.349744051695
-29.0957450867	1.70826268196	0.348564863205
-29.3993854523	1.69439184666	0.347793698311
-29.7019538879	1.68329119682	0.349124640226
-30.2638206482	1.66830337048	0.352572858334
-30.6985912323	1.66157853603	0.351651281118
-31.1520462036	1.65925216675	0.350389957428
-31.5649490356	1.66125798225	0.353028297424
-31.9798126221	1.66682088375	0.355221480131
-32.4163475037	1.67623567581	0.353197544813
-32.7253570557	1.68467545509	0.352700650692
-33.1582183838	1.69868350029	0.354672133923
-33.7561378479	1.72142362595	0.354584425688
-34.0724143982	1.73507416248	0.355499982834
-34.376083374	1.74804067612	0.357652425766
-34.8443946838	1.76736545563	0.3593968153
-35.2681846619	1.78309845924	0.357838571072
-35.8538703918	1.79962658882	0.35812664032
-36.3010025024	1.80592060089	0.361361443996
-36.7054824829	1.80555081367	0.361600577831
-37.1279525757	1.79743683338	0.361714571714
-37.5265235901	1.78054404259	0.362180620432
-37.9342422485	1.75400471687	0.361362099648
-38.4719352722	1.70270264149	0.363932996988
-38.8560714722	1.65370893478	0.365640044212
-39.2569313049	1.59041833878	0.363943457603
-39.6598014832	1.51339817047	0.364722311497
-40.0813026428	1.41780638695	0.368322104216
-40.4080963135	1.3326177597	0.368830531836
-40.7853546143	1.22120141983	0.36714592576
-41.162902832	1.0947227478	0.3682962358
-41.5225143433	0.960173487663	0.371800810099
-41.8742370605	0.815178394318	0.372398644686
-42.3436927795	0.60048854351	0.370480060577
-42.6945953369	0.425652831793	0.372417211533
-43.0285263062	0.241961047053	0.374750673771
-43.3548698425	0.0395676530898	0.379461586475
-43.6558036804	-0.154365673661	0.378942459822
-43.9530448914	-0.358819574118	0.376925498247
-44.2503051758	-0.573996782303	0.376113086939
-44.5329322815	-0.781937479973	0.38810172677
-44.7999572754	-0.993652641773	0.401667863131
-45.1144218445	-1.26308774948	0.423047840595
-45.4076423645	-1.52592539787	0.404153138399
-45.6438179016	-1.74242329597	0.398198068142
-45.8857650757	-1.97592508793	0.397948086262
-46.2227668762	-2.32194042206	0.398005127907
-46.4794082642	-2.59135556221	0.402517199516
-46.7317008972	-2.8616528511	0.387224733829
-47.0528030396	-3.21785378456	0.387067586184
-47.3070983887	-3.50875759125	0.390844345093
-47.551990509	-3.7968416214	0.394434779882
-47.8066177368	-4.10556459427	0.395464926958
-48.0450325012	-4.40347242355	0.394183218479
-48.3714256287	-4.82510566711	0.397881627083
-48.6085548401	-5.14054489136	0.401272594929
-48.8500709534	-5.47027730942	0.400022059679
-49.0784378052	-5.79079532623	0.400304853916
-49.2989273071	-6.1081905365	0.404472649097
-49.5169296265	-6.42923688889	0.405312895775
-49.7409820557	-6.76787614822	0.40405729413
-49.9527435303	-7.09682607651	0.407403767109
-50.1573638916	-7.42242908478	0.410009503365
-50.3599586487	-7.75292205811	0.408665031195
-50.5645446777	-8.09657764435	0.409977346659
-50.7659301758	-8.44474220276	0.411904126406
-50.9189987183	-8.71632385254	0.411981940269
-51.1114807129	-9.06753921509	0.413834035397
-51.3088035583	-9.44039440155	0.416157245636
-51.4451599121	-9.70771789551	0.415973871946
-51.635887146	-10.0918083191	0.417123109102
-51.8787918091	-10.6080389023	0.423790603876
-52.1105957031	-11.1181488037	0.423003852367
-52.2667312622	-11.4813280106	0.422565102577
-52.4146575928	-11.8508872986	0.428816467524
-52.5610580444	-12.2381973267	0.437476933002
-52.7167739868	-12.6646595001	0.446348547935
-52.8226280212	-12.9674339294	0.447006046772
-52.9595794678	-13.3690786362	0.433792948723
-53.0759277344	-13.7409973145	0.430454850197
-53.1876831055	-14.1233005524	0.429799854755
-53.3016662598	-14.519197464	0.442083775997
-53.4469985962	-15.0616369247	0.437912106514
-53.52003479	-15.3572473526	0.435152173042
-53.6383323669	-15.8817605972	0.437297463417
-53.7197761536	-16.2839107513	0.445667088032
-53.7865447998	-16.6746349335	0.453241586685
-53.8528785706	-17.0610389709	0.443692684174
-53.9129295349	-17.4517879486	0.438536196947
-53.9821891785	-17.9962539673	0.445151686668
-54.0380325317	-18.5444355011	0.447361826897
-54.0717163086	-18.9731330872	0.448788523674
-54.096660614	-19.4119300842	0.44957152009
-54.1140594482	-19.9943351746	0.453193247318
-54.1149673462	-20.546787262	0.453853905201
-54.1047515869	-20.9690589905	0.45353025198
-54.0854301453	-21.3829860687	0.455847352743
-54.055305481	-21.8200798035	0.456608235836
-54.0143432617	-22.262922287	0.458394497633
-53.9636650085	-22.7092056274	0.459525555372
-53.9062232971	-23.1129760742	0.463062465191
-53.8376541138	-23.5260009766	0.463941812515
-53.76795578	-23.9085350037	0.463372170925
-53.6803817749	-24.3246135712	0.463429898024
-53.5824546814	-24.7309036255	0.464569866657
-53.4782409668	-25.1190261841	0.471799582243
-53.3714370728	-25.4768199921	0.474284261465
-53.2524719238	-25.8518791199	0.468794345856
-53.1173782349	-26.2392654419	0.471893429756
-52.9660186768	-26.6377105713	0.479317784309
-52.8239707947	-26.9798927307	0.472484886646
-52.662322998	-27.3350658417	0.477263867855
-52.4910011292	-27.6854133606	0.479242086411
-52.3017730713	-28.0513267517	0.487536162138
-52.1132965088	-28.3931922913	0.479382127523
-51.9151229858	-28.7263851166	0.471945911646
-51.7123069763	-29.0412139893	0.47342851758
-51.4946327209	-29.3613796234	0.478164643049
-51.2594871521	-29.6934757233	0.496206581593
-51.0363731384	-29.9959259033	0.514020800591
-50.793346405	-30.3009796143	0.48867046833
-50.5666618347	-30.5698986053	0.476440221071
-50.3407287598	-30.8268032074	0.480677902699
-50.1221084595	-31.0616111755	0.481924831867
-49.8956375122	-31.3032245636	0.478112280369
-49.6558685303	-31.5519504547	0.479219138622
-49.4085350037	-31.8021945953	0.498127013445
-49.1318740845	-32.0691146851	0.500264108181
-48.8763580322	-32.3130493164	0.503776371479
-48.5947380066	-32.5685920715	0.510443866253
-48.3199539185	-32.8072128296	0.513604998589
-48.0563964844	-33.0427131653	0.528684437275
-47.7919464111	-33.2760009766	0.539582252502
-47.4971008301	-33.5212059021	0.524421930313
-47.2314071655	-33.7422103882	0.517398476601
-46.9249687195	-33.9986610413	0.500732004642
-46.6462783813	-34.2208061218	0.479443758726
-46.3230209351	-34.469291687	0.472306191921
-46.0259895325	-34.7001571655	0.483028829098
-45.6247024536	-35.0101051331	0.486276984215
-45.3090667725	-35.250328064	0.483129411936
-45.009601593	-35.4760284424	0.484761178493
-44.6966781616	-35.7078895569	0.484072268009
-44.40599823	-35.9259643555	0.484943389893
-43.993976593	-36.2356109619	0.484418272972
-43.5544929504	-36.5605430603	0.482661187649
-43.2305793762	-36.7993545532	0.487207472324
-42.9192657471	-37.0296554565	0.488107413054
-42.593711853	-37.2681732178	0.49884724617
-42.2807693481	-37.4997253418	0.493048638105
-41.9667129517	-37.7364616394	0.482401460409
-41.6348724365	-37.9840736389	0.480970680714
-41.2926750183	-38.2392272949	0.486710399389
-40.9313964844	-38.5099220276	0.487515360117
-40.4885177612	-38.8432235718	0.486116051674
-40.1372375488	-39.1084136963	0.489076435566
-39.7904243469	-39.3708000183	0.489111840725
-39.4465065002	-39.6318969727	0.487372636795
-39.101272583	-39.8948059082	0.486879736185
-38.6177024841	-40.2641372681	0.487651705742
-38.3734664917	-40.4510574341	0.487551212311
-38.120929718	-40.6447792053	0.488418281078
-37.8812446594	-40.8289871216	0.489425003529
-37.6222648621	-41.0283355713	0.488916099072
-37.341583252	-41.2448043823	0.488267660141
-36.8528366089	-41.6216430664	0.489940822124
-36.5975341797	-41.8187065125	0.491552859545
-36.3191871643	-42.0351982117	0.492787957191
-35.9783592224	-42.2999076843	0.492328822613
-35.5167961121	-42.6580505371	0.4902305305
-35.2779502869	-42.8435287476	0.489801317453
-35.0376281738	-43.0307388306	0.490439832211
-34.7927513123	-43.2184143066	0.497193843126
-34.3401603699	-43.5666847229	0.500918984413
-33.9114151001	-43.9044876099	0.488423019648
-33.57579422	-44.1690940857	0.489172548056
-33.2472496033	-44.4269065857	0.493988245726
-32.9023361206	-44.6974868774	0.495205283165
-32.5612220764	-44.9683609009	0.501088500023
-32.3210906982	-45.1579055786	0.502018749714
-32.0835075378	-45.3450431824	0.503084361553
-31.8388195038	-45.5394744873	0.502766013145
-31.5959396362	-45.7314453125	0.502075135708
-31.3482913971	-45.9267578125	0.502663850784
-31.0937328339	-46.1268119812	0.509805679321
-30.841255188	-46.3262329102	0.525630950928
-30.5866203308	-46.5302352905	0.538270890713
-30.3312187195	-46.7322883606	0.534859716892
-30.0702209473	-46.9352340698	0.528710007668
-29.829410553	-47.1232872009	0.531171143055
-29.5916938782	-47.3083992004	0.533506035805
-29.2412872314	-47.5820465088	0.536385595798
-28.8869075775	-47.8624038696	0.536244094372
-28.6347846985	-48.0615653992	0.530380427837
-28.2688484192	-48.3483085632	0.523078978062
-28.0324306488	-48.534122467	0.517744123936
-27.6937484741	-48.8032951355	0.524351775646
-27.3426399231	-49.0802078247	0.522911548615
-27.013086319	-49.34116745	0.507157683372
-26.6758384705	-49.6004562378	0.506841361523
-26.341999054	-49.864616394	0.516697525978
-26.0244541168	-50.1235733032	0.506944179535
-25.7177810669	-50.3690452576	0.494729071856
-25.3981533051	-50.6201095581	0.494796484709
-25.0900688171	-50.8623733521	0.499494016171
-24.7590637207	-51.1213493347	0.525129079819
-24.4452018738	-51.3757820129	0.519446790218
-24.1331367493	-51.6296577454	0.488450825214
-23.8315582275	-51.8651733398	0.492063373327
-23.5476493835	-52.0841636658	0.50244563818
-23.2452945709	-52.3194389343	0.503122448921
-22.9333534241	-52.5625762939	0.501291334629
-22.6217193604	-52.8060188293	0.500111043453
-22.2730064392	-53.0782051086	0.499692797661
-21.9724311829	-53.3127250671	0.502248823643
-21.6258106232	-53.5832138062	0.501941680908
-21.2938728333	-53.8422203064	0.500978589058
-20.8244419098	-54.2084693909	0.502243995667
-20.5464420319	-54.4253768921	0.502020835876
-20.0840129852	-54.7862243652	0.503661453724
-19.8370170593	-54.979019165	0.503813028336
-19.5773715973	-55.181728363	0.503050982952
-19.3266773224	-55.3774871826	0.503010392189
-19.0741062164	-55.5747642517	0.504161417484
-18.8167648315	-55.7758369446	0.504278302193
-18.4189777374	-56.086769104	0.503611564636
-18.1475906372	-56.2989883423	0.504224538803
-17.887588501	-56.5023765564	0.505911171436
-17.635345459	-56.6997680664	0.507369816303
-17.3690910339	-56.9081954956	0.507699549198
-17.1269950867	-57.0977859497	0.506969630718
-16.7528095245	-57.3909683228	0.505097389221
-16.4863471985	-57.5998458862	0.505176186562
-16.2441062927	-57.7897949219	0.506880760193
-15.995672226	-57.9846496582	0.508715391159
-15.7527313232	-58.1752624512	0.509130299091
-15.5135383606	-58.3629989624	0.508030116558
-15.1486978531	-58.6494750977	0.506019115448
-14.901049614	-58.8439903259	0.507310330868
-14.5619096756	-59.1104316711	0.51031345129
-14.2195167542	-59.3795318604	0.510199964046
-13.8908452988	-59.6379585266	0.508715629578
-13.538356781	-59.9148445129	0.506977438927
-13.1904277802	-60.1880111694	0.507495939732
-12.8424139023	-60.4622154236	0.510702550411
-12.518866539	-60.715637207	0.513029873371
-12.2079629898	-60.958770752	0.512152075768
-11.9059505463	-61.194732666	0.509839057922
-11.4852380753	-61.5283088684	0.510689020157
-11.1848487854	-61.7622528076	0.512803852558
-10.8897190094	-61.9918861389	0.511516153812
-10.5112066269	-62.2848129272	0.511213243008
-10.2335596085	-62.4999351501	0.511490821838
-9.93156147003	-62.7337799072	0.509998679161
-9.52603530884	-63.0468101501	0.511949360371
-9.20878314972	-63.2905693054	0.511757850647
-8.88894462585	-63.5349884033	0.511362433434
-8.56945323944	-63.7774429321	0.514308810234
-8.2773809433	-63.9970092773	0.515040814877
-7.97326898575	-64.2230224609	0.512838900089
-7.66723775864	-64.447303772	0.512426912785
-7.36562728882	-64.6650695801	0.515894830227
-7.085978508	-64.8636322021	0.515475273132
-6.67941570282	-65.1460571289	0.512088418007
-6.37327003479	-65.3536300659	0.511583149433
-6.05905246735	-65.5613861084	0.514467835426
-5.74181222916	-65.7655029297	0.514169156551
-5.4072227478	-65.9739608765	0.513488292694
-5.07654857635	-66.1722869873	0.516223430634
-4.66644239426	-66.4079360962	0.516558170319
-4.26223087311	-66.6274337769	0.51454937458
-3.92909049988	-66.7989959717	0.513481676579
-3.61784362793	-66.9508514404	0.51445543766
-3.30333304405	-67.0961456299	0.516191482544
-2.99443387985	-67.23072052	0.515764176846
-2.68549728394	-67.3572006226	0.514934539795
-2.37512111664	-67.4755706787	0.514255225658
-2.04753923416	-67.5913619995	0.512604475021
-1.70208144188	-67.7024078369	0.513276517391
-1.37747609615	-67.7969970703	0.515365421772
-1.06416201591	-67.8791275024	0.515219986439
-0.747703552246	-67.9522171021	0.51394200325
-0.440990209579	-68.0134887695	0.513136208057
0.00155594106764	-68.0849151611	0.511394917965
0.344918042421	-68.1250534058	0.512390911579
0.670366287231	-68.1513061523	0.513503313065
0.997239112854	-68.1659393311	0.512595951557
1.31117379665	-68.1683044434	0.51190161705
1.619815588	-68.1591873169	0.511797487736
1.92012453079	-68.1391906738	0.51188492775
2.22161102295	-68.1083145142	0.511123120785
2.53660154343	-68.0643920898	0.509196043015
2.84749031067	-68.0081176758	0.509762048721
3.15455436707	-67.9402389526	0.510415375233
3.46712946892	-67.8585510254	0.509165525436
3.76305866241	-67.7684555054	0.508363187313
4.06468391418	-67.663230896	0.508599877357
4.35652542114	-67.5486755371	0.508044779301
4.65521335602	-67.417930603	0.504347085953
4.94888305664	-67.2744293213	0.502820730209
5.32895708084	-67.0671157837	0.50345826149
5.68641328812	-66.8489303589	0.501924395561
5.96946334839	-66.6596069336	0.500281453133
6.23361110687	-66.4666748047	0.499781399965
6.50697231293	-66.2502441406	0.500227034092
6.74665164948	-66.047164917	0.499297618866
6.98913288116	-65.8279418945	0.496079862118
7.23725748062	-65.5877151489	0.49220380187
7.55047798157	-65.2577514648	0.491898298264
7.79072570801	-64.983795166	0.489727735519
8.01734352112	-64.7054290771	0.489829897881
8.23477268219	-64.4188766479	0.490629434586
8.42697715759	-64.1477737427	0.487892299891
8.63184261322	-63.8367843628	0.483810782433
8.81889057159	-63.5289154053	0.48441529274
9.05924129486	-63.0970726013	0.483793318272
9.23618793488	-62.7457504272	0.481215447187
9.40219116211	-62.3831748962	0.482401847839
9.54202747345	-62.0544776917	0.481550425291
9.68312454224	-61.6956138611	0.477449595928
9.85441303253	-61.2148170471	0.476793944836
9.98207092285	-60.8200302124	0.473879277706
10.1015396118	-60.4100112915	0.475743889809
10.2059631348	-60.0216178894	0.482612550259
10.3054523468	-59.6405258179	0.480733752251
10.4077939987	-59.2322006226	0.475603163242
10.5100727081	-58.8237037659	0.470946997404
10.6203145981	-58.3918113708	0.464857041836
10.7261314392	-57.9894866943	0.465667337179
10.8726100922	-57.4598350525	0.466146707535
10.9948921204	-57.0500259399	0.462101340294
11.1224555969	-56.6560058594	0.461493194103
11.2633857727	-56.2558135986	0.462004601955
11.4010906219	-55.8953933716	0.459127724171
11.6154651642	-55.3845787048	0.456304550171
11.7909412384	-55.0100326538	0.457598179579
11.9630727768	-54.6747970581	0.456804543734
12.1489305496	-54.3424720764	0.453710079193
12.3532552719	-54.0067214966	0.450394243002
12.5766706467	-53.6686553955	0.450419843197
12.8910751343	-53.2352142334	0.448957324028
13.1433362961	-52.9179840088	0.449212521315
13.4707307816	-52.5378379822	0.447914719582
13.8403396606	-52.1459159851	0.443485677242
14.1354522705	-51.8561325073	0.44226244092
14.4262752533	-51.58776474	0.440108567476
14.8638515472	-51.2126998901	0.438388884068
15.3127794266	-50.8545570374	0.437249720097
15.5529623032	-50.6719779968	0.435541301966
15.8024835587	-50.4886054993	0.435080945492
16.1694221497	-50.2287254333	0.43432661891
16.5435695648	-49.9749908447	0.433025151491
16.8036518097	-49.8039550781	0.432359933853
17.0609493256	-49.6386032104	0.430508822203
17.3281364441	-49.470664978	0.428809583187
17.6029586792	-49.3018264771	0.42827129364
17.8763065338	-49.1370811462	0.429096400738
18.1421756744	-48.9792709351	0.429621934891
18.5464496613	-48.7436904907	0.427625417709
19.0726776123	-48.4444618225	0.423262894154
19.3384532928	-48.2953414917	0.422278732061
19.7426776886	-48.0702133179	0.423665702343
20.1281070709	-47.8566627502	0.423102945089
20.515335083	-47.6421737671	0.419714033604
20.7915267944	-47.4888839722	0.417478442192
21.1802501678	-47.2725830078	0.417933940887
21.4500713348	-47.1212768555	0.418777525425
21.8171272278	-46.9137191772	0.417129993439
22.2041492462	-46.693195343	0.413605451584
22.4678611755	-46.5413818359	0.411732017994
22.8507595062	-46.3171348572	0.411378115416
23.2521934509	-46.0784378052	0.411578536034
23.5188007355	-45.9168395996	0.410464406013
23.8936500549	-45.6848449707	0.413626551628
24.2774047852	-45.4422416687	0.412062227726
24.6288566589	-45.2138900757	0.407145410776
24.8826389313	-45.0443840027	0.407113671303
25.1379718781	-44.8702201843	0.410056680441
25.5900917053	-44.5505218506	0.413033783436
25.9287586212	-44.3031730652	0.410963773727
26.1805877686	-44.1148223877	0.40787678957
26.5042381287	-43.864692688	0.406574428082
26.8395042419	-43.5954246521	0.410435676575
27.1522731781	-43.335357666	0.40833517909
27.4714202881	-43.063533783	0.402877360582
27.7837104797	-42.7879142761	0.405657798052
28.1011276245	-42.5050430298	0.408700674772
28.3877925873	-42.2407226562	0.408772945404
28.7744865417	-41.8622131348	0.402446985245
29.0649185181	-41.567035675	0.410992145538
29.3470230103	-41.2769889832	0.407617509365
29.560459137	-41.0521621704	0.402502268553
29.8465671539	-40.7485847473	0.380985110998
30.1242370605	-40.4432754517	0.379190891981
30.3648548126	-40.1711082458	0.384210288525
30.6202983856	-39.8776397705	0.38291323185
30.8858833313	-39.5679740906	0.379113078117
31.1274814606	-39.2814559937	0.378742575645
31.4768104553	-38.8591690063	0.375313162804
31.8217201233	-38.4340209961	0.375237554312
32.1946868896	-37.9678001404	0.371725618839
32.5609779358	-37.5038299561	0.371262937784
32.8485298157	-37.1360931396	0.368817210197
33.1187591553	-36.7878494263	0.367473304272
33.4037857056	-36.4186706543	0.366615891457
33.6054611206	-36.1563873291	0.364729911089
33.8859863281	-35.7902984619	0.363448530436
34.0859489441	-35.528678894	0.363050937653
34.285785675	-35.2668647766	0.361514031887
34.4811859131	-35.0105628967	0.360322505236
34.6740112305	-34.7574615479	0.36032140255
34.8839912415	-34.481803894	0.360429495573
35.1663360596	-34.1111221313	0.358554661274
35.4389381409	-33.7534790039	0.354976028204
35.7336006165	-33.3672485352	0.352377235889
35.9548110962	-33.0776863098	0.352389037609
36.23387146	-32.7139549255	0.35094705224
36.419670105	-32.4727249146	0.350162118673
36.6330795288	-32.1965484619	0.34915009141
36.8446502686	-31.923614502	0.347408950329
37.0441207886	-31.6669807434	0.346450030804
37.2509651184	-31.4015731812	0.345582216978
37.4582901001	-31.1362247467	0.344172090292
37.6664924622	-30.8703651428	0.343323767185
37.8914337158	-30.5837440491	0.342355012894
38.1782989502	-30.2191123962	0.340307414532
38.3943367004	-29.9450454712	0.339747935534
38.6094169617	-29.6725749969	0.339726686478
38.816570282	-29.410533905	0.339350044727
39.148525238	-28.9910354614	0.337156802416
39.3465690613	-28.7409820557	0.335320293903
39.5401611328	-28.4966487885	0.333216428757
39.7571678162	-28.2228317261	0.331250369549
39.9555778503	-27.9725208282	0.331081658602
40.1514434814	-27.7254161835	0.331635177135
40.3471565247	-27.4784698486	0.331457465887
40.6424713135	-27.105764389	0.328430265188
40.8412017822	-26.8548469543	0.325677037239
41.0371322632	-26.6073608398	0.324424982071
41.320854187	-26.2487716675	0.325357168913
41.5175247192	-26.0000648499	0.325246632099
41.8012084961	-25.6410655975	0.322178632021
41.9923820496	-25.3989524841	0.319479107857
42.2875022888	-25.0248718262	0.31854107976
42.5615081787	-24.6772193909	0.319552987814
42.8273582458	-24.3396453857	0.316878646612
43.0217971802	-24.0925521851	0.314053535461
43.296459198	-23.7432174683	0.313734531403
43.4898948669	-23.4970035553	0.314366728067
43.7679176331	-23.1428661346	0.312316060066
44.0273704529	-22.8120880127	0.308685779572
44.2882232666	-22.479265213	0.307512938976
44.5645217896	-22.1264877319	0.308805406094
44.75756073	-21.879901886	0.307498812675
45.0242996216	-21.5390892029	0.303249001503
45.2173690796	-21.2923355103	0.301574528217
45.4944038391	-20.9382019043	0.301612436771
45.7756195068	-20.5786800385	0.299515813589
45.9740562439	-20.3249816895	0.298297673464
46.2575950623	-19.9624843597	0.298072457314
46.4517784119	-19.7142658234	0.296473532915
46.663974762	-19.4430446625	0.294620603323
46.8621139526	-19.1898174286	0.294001877308
47.1654243469	-18.8022670746	0.292873650789
47.3730697632	-18.5369987488	0.290997415781
47.5868682861	-18.2639427185	0.289572000504
47.9000854492	-17.8640155792	0.289603024721
48.1050720215	-17.6023674011	0.289792120457
48.307723999	-17.3437843323	0.28903734684
48.5017547607	-17.0962295532	0.287240236998
48.7061462402	-16.83552742	0.284579008818
48.9018211365	-16.5860157013	0.282386809587
49.1141700745	-16.3153095245	0.281888157129
49.315448761	-16.0587711334	0.282563000917
49.6021232605	-15.6935167313	0.282060563564
49.7932357788	-15.4500846863	0.279943466187
49.9960594177	-15.1917934418	0.277021378279
50.1922454834	-14.9420108795	0.275499343872
50.3795051575	-14.7036457062	0.275915503502
50.5814208984	-14.4466733932	0.276580810547
50.8488464355	-14.1063861847	0.274867475033
51.0394096375	-13.8639621735	0.27221056819
51.2322006226	-13.6187324524	0.269836008549
51.4237213135	-13.3751621246	0.269463598728
51.6103363037	-13.1378641129	0.270368278027
51.978729248	-12.6694831848	0.268758505583
52.16431427	-12.4335632324	0.266098201275
52.4456520081	-12.0759630203	0.263341784477
52.6329078674	-11.8379669189	0.264026045799
52.8956489563	-11.5040616989	0.264547258615
53.0866394043	-11.2613573074	0.262741923332
53.3541717529	-10.9214229584	0.25886297226
53.5404205322	-10.6847753525	0.257484734058
53.8144645691	-10.336607933	0.258837491274
54.0728683472	-10.0083198547	0.257992565632
54.3335571289	-9.67715263367	0.254453539848
54.6165237427	-9.31768131256	0.251243114471
54.8913192749	-8.96860408783	0.25104701519
55.1728668213	-8.61094093323	0.25049456954
55.3694763184	-8.36118984222	0.248408764601
55.6551895142	-7.99824094772	0.246645331383
55.9532699585	-7.61956930161	0.247596815228
56.2307891846	-7.26702833176	0.246543526649
56.4212341309	-7.02510023117	0.243640273809
56.6142730713	-6.77986812592	0.241033926606
56.8050842285	-6.53746986389	0.24042776227
57.0052375793	-6.28320360184	0.240253210068
57.2003555298	-6.03534507751	0.239069163799
57.4012374878	-5.78014087677	0.23818475008
57.597442627	-5.53089427948	0.238328576088
57.788520813	-5.28813552856	0.238127708435
57.9741287231	-5.05236387253	0.236663326621
58.1722259521	-4.80076169968	0.23397500813
58.3715400696	-4.54766654968	0.231683880091
58.6671409607	-4.17245578766	0.231151849031
58.8620529175	-3.92517852783	0.23041293025
59.0838279724	-3.64396119118	0.229114055634
59.2761611938	-3.4002058506	0.228557288647
59.5817565918	-3.01318407059	0.226297706366
59.7873764038	-2.75297188759	0.225320547819
60.0003242493	-2.48366379738	0.22444845736
60.2084007263	-2.22069430351	0.222996667027
60.4154434204	-1.95919561386	0.222109586
60.6338768005	-1.68350863457	0.22119474411
60.8502082825	-1.4106553793	0.219645276666
61.0582351685	-1.14846622944	0.218735724688
61.2787742615	-0.870675325394	0.218656390905
61.4834442139	-0.613062798977	0.218447193503
61.685585022	-0.358731001616	0.217395693064
61.8927764893	-0.098209887743	0.215695932508
62.0940551758	0.154726594687	0.214337125421
62.2986984253	0.411753058434	0.213260173798
62.4870834351	0.648281693459	0.212210536003
62.6864280701	0.898347914219	0.210367947817
62.8840904236	1.14590513706	0.208400249481
63.1986465454	1.53905427456	0.208169817924
63.4749221802	1.88311052322	0.208259299397
63.6662750244	2.12065052986	0.206716760993
63.8590927124	2.35901117325	0.204120069742
64.0548019409	2.59994363785	0.20183134079
64.2610168457	2.85257315636	0.201535224915
64.5516891479	3.20615983009	0.202554628253
64.8243255615	3.53498506546	0.200692385435
65.0213165283	3.77047872543	0.198011428118
65.3132629395	4.11582422256	0.195388883352
65.6087417603	4.46047210693	0.196530863643
65.9904632568	4.89841365814	0.194117844105
66.2968597412	5.24359083176	0.190613314509
66.5942001343	5.57305383682	0.190169066191
66.9083862305	5.91553640366	0.188268274069
67.1176300049	6.14029407501	0.187808722258
67.4345703125	6.47595930099	0.185790196061
67.6560745239	6.70708942413	0.18434163928
67.8839874268	6.9421453476	0.183723166585
68.1100616455	7.17248344421	0.183447793126
68.34425354	7.4083738327	0.181934535503
68.5803222656	7.64346313477	0.180334612727
68.8157806396	7.87521457672	0.17976629734
69.0531616211	8.10623931885	0.179315239191
69.2992935181	8.34325790405	0.177946746349
69.5430450439	8.57544326782	0.177209749818
69.7786331177	8.79756832123	0.177080318332
70.0248031616	9.02752590179	0.176669090986
70.2541885376	9.23981380463	0.175454393029
70.4860076904	9.45250511169	0.173698693514
70.7313079834	9.67573070526	0.17130343616
70.966545105	9.88808727264	0.169432014227
71.2072982788	10.1037979126	0.16898176074
71.4618835449	10.330327034	0.168685540557
71.710975647	10.5504426956	0.167449250817
71.9529876709	10.7629346848	0.166610062122
72.2081451416	10.9856920242	0.165664598346
72.4783554077	11.2201805115	0.164040654898
72.7242889404	11.4324531555	0.163240358233
72.9810028076	11.6530284882	0.162422314286
73.243522644	11.8775548935	0.160978808999
73.5135574341	12.1075000763	0.160140931606
73.8986206055	12.4338798523	0.160132706165
74.1602859497	12.6547966003	0.159559831023
74.4206695557	12.8740215302	0.158021479845
74.6563644409	13.0719661713	0.156242877245
74.9127120972	13.2867679596	0.153919950128
75.1702270508	13.502155304	0.152621716261
75.5369415283	13.8083162308	0.15321610868
75.7808837891	14.0116539001	0.153240829706
76.0225906372	14.21301651	0.151932284236
76.2678985596	14.4172058105	0.149293228984
76.5161437988	14.6237239838	0.146931260824
76.7613067627	14.8276357651	0.146559715271
77.0008392334	15.0268268585	0.147353440523
77.2330703735	15.2199440002	0.147411704063
77.4754486084	15.4214887619	0.145876735449
77.7087860107	15.6155490875	0.143310934305
77.9469451904	15.8136959076	0.141061514616
78.3115768433	16.1171703339	0.14125752449
78.651008606	16.3998794556	0.141762882471
78.888381958	16.5976810455	0.140121266246
79.3469848633	16.980304718	0.135347217321
79.5841522217	17.1784877777	0.135191187263
79.8279876709	17.3825511932	0.136287674308
80.1527633667	17.6547794342	0.135225862265
80.4952697754	17.9425411224	0.131097376347
80.8390731812	18.2321472168	0.130384922028
81.1862182617	18.5253067017	0.128790155053
81.4232025146	18.7259178162	0.127991452813
81.6672744751	18.9329013824	0.127248570323
81.9083328247	19.1377296448	0.125774666667
82.1462783813	19.3402919769	0.124421268702
82.4057769775	19.5616321564	0.123826049268
82.6393508911	19.7612533569	0.123565889895
82.8980636597	19.9827346802	0.12205247581
83.151008606	20.1996841431	0.120501421392
83.4108352661	20.422990799	0.119962915778
83.6723022461	20.6482124329	0.119407698512
83.9210586548	20.8629379272	0.117943443358
84.1842422485	21.0906467438	0.116811595857
84.4500808716	21.3212242126	0.116748332977
84.7157821655	21.5522613525	0.116702139378
85.0655059814	21.8571586609	0.115310311317
85.2976531982	22.0600700378	0.113366670907
85.6666259766	22.3834686279	0.109815716743
85.9139251709	22.6008605957	0.109316647053
86.1552963257	22.8135452271	0.109983794391
86.389289856	23.0202388763	0.11014457792
86.617729187	23.2224979401	0.108921423554
86.9725952148	23.5377502441	0.105969078839
87.2105865479	23.749874115	0.103590607643
87.4356384277	23.9510326385	0.101949602365
87.674407959	24.1650085449	0.101136445999
87.9204483032	24.3860816956	0.101436011493
88.1564331055	24.598733902	0.102261081338
88.3804321289	24.8011569977	0.102213598788
88.733581543	25.121629715	0.0993939787149
89.1706619263	25.5216655731	0.0949911624193
89.6226272583	25.9393367767	0.0944173336029
89.8619384766	26.1628913879	0.0930865183473
90.0843276978	26.3704452515	0.0927385985851
90.3050994873	26.5771331787	0.0929329246283
90.7286224365	26.9768352509	0.0908632427454
91.1599655151	27.3886833191	0.0863033086061
91.583366394	27.7981719971	0.087284475565
91.9087371826	28.1080741882	0.0842148959637
92.17628479	28.3723487854	0.0808909460902
92.47706604	28.6755924225	0.080386005342
92.765411377	28.9693698883	0.0796030834317
93.0729751587	29.2860126495	0.0796533599496
93.3641967773	29.5899105072	0.0773501470685
93.7677383423	30.0190849304	0.075595125556
94.1736068726	30.4604568481	0.0735646039248
94.4767303467	30.7966442108	0.0722716376185
94.6903839111	31.0375900269	0.070871502161
94.9841308594	31.3752002716	0.0699968859553
95.184928894	31.611536026	0.0686687976122
95.3783493042	31.8441314697	0.0685134157538
95.5770797729	32.0890350342	0.0688033252954
95.8397903442	32.4223937988	0.067712277174
96.0913238525	32.7558937073	0.0652444735169
96.3295288086	33.0869064331	0.0636281520128
96.5603485107	33.4244651794	0.0621741116047
96.7730026245	33.7516212463	0.0594870261848
96.9898529053	34.1047363281	0.0586218647659
97.1850128174	34.4426345825	0.059443578124
97.3691864014	34.7830581665	0.0574220344424
97.5474395752	35.1366615295	0.0539059601724
97.7113647461	35.490020752	0.0533382892609
97.9013671875	35.941028595	0.0538020133972
98.0763702393	36.4102516174	0.0501828193665
98.2332000732	36.8961105347	0.0482666045427
98.3318710327	37.2456474304	0.0492199659348
98.4200210571	37.598110199	0.0462336614728
98.5216217041	38.0813560486	0.0443356782198
98.583984375	38.4423942566	0.0451978519559
98.6331329346	38.7889137268	0.0424804203212
98.6822967529	39.2617034912	0.0403194315732
98.7081451416	39.6452941895	0.0412486121058
98.7212219238	40.0026016235	0.0380474515259
98.722869873	40.3694267273	0.0364764668047
98.7128143311	40.7539253235	0.0361847616732
98.6916885376	41.1201057434	0.0356554612517
98.6602096558	41.4813690186	0.0360139757395
98.600982666	41.9704818726	0.0317411758006
98.5456466675	42.3224487305	0.0312439221889
98.4585952759	42.7834892273	0.0323594994843
98.3772735596	43.1502838135	0.0286847911775
98.2877349854	43.5037612915	0.0277890972793
98.1816101074	43.8780097961	0.0275540538132
98.067276001	44.2401885986	0.0256321765482
97.8900146484	44.7398223877	0.0258681587875
97.6863632202	45.2500228882	0.0231879726052
97.455696106	45.7666969299	0.0234770812094
97.208480835	46.2682189941	0.0218125712126
97.0047836304	46.6491699219	0.0209568664432
96.7858734131	47.0331268311	0.0200467482209
96.4920349121	47.5123825073	0.0215478353202
96.2621459961	47.863407135	0.0194945931435
96.0171966553	48.2172355652	0.0165896844119
95.768661499	48.557674408	0.0181296318769
95.5263061523	48.8745574951	0.0187801402062
95.2547454834	49.2136497498	0.0155546013266
94.9942474365	49.5238265991	0.0151502648368
94.7269821167	49.8295974731	0.017039090395
94.4514465332	50.1330757141	0.0148675935343
94.1600570679	50.440826416	0.0127664292231
93.8593902588	50.747013092	0.0136722093448
93.5540237427	51.0479354858	0.0123324515298
93.2272949219	51.3595314026	0.0123603828251
92.898727417	51.6637382507	0.0126617103815
92.5554580688	51.972946167	0.0110301254317
92.3209609985	52.1792945862	0.0113335596398
92.0864639282	52.3825759888	0.0117333466187
91.8441543579	52.5894584656	0.0110176857561
91.601272583	52.7936820984	0.0107341744006
91.3488922119	53.0032424927	0.0117204086855
90.8839035034	53.3826255798	0.0118286833167
90.642288208	53.5765609741	0.0100920172408
90.3943099976	53.7735595703	0.00859761703759
90.147857666	53.9676055908	0.00881011877209
89.8968658447	54.1636238098	0.00946937128901
89.641998291	54.3611831665	0.00915262568742
89.3823242188	54.5612030029	0.00910376384854
89.1183776855	54.7632598877	0.00907610915601
88.8606567383	54.9595222473	0.0083837499842
88.5993804932	55.1575927734	0.00835295021534
88.3267059326	55.3633422852	0.00846501253545
88.0594100952	55.5642356873	0.0078577613458
87.796043396	55.7616653442	0.00775987282395
87.5201263428	55.9680099487	0.00782712455839
87.2439117432	56.1750679016	0.00713424291462
86.9778137207	56.3743171692	0.0073150228709
86.6965713501	56.5831756592	0.00849649962038
86.4224700928	56.7863464355	0.00916203483939
86.1736526489	56.9710922241	0.00899440050125
85.8978881836	57.1763648987	0.00806376896799