-38.2167040804634 -101.688238630537 0
-31.9518965111347 -94.2150237858295 0
-25.6760199393611 -86.3190556215122 0
-20.0870316711953 -78.8306474317797 0
-12.4196952300845 -69.2739367508329 0
-7.5464130587643 -63.4614395066164 0
-6.85025718354154 -62.6321921772324 0
-6.15407468890771 -61.8018351611681 0
-5.45789232850075 -60.9714780938812 0
-4.76171010173857 -60.1411209707148 0
-4.07572122826241 -59.7335341526195 0
-3.37953923887108 -58.9031769228168 0
-1.31229267665185 -57.2587339091115 0
1.45199316448998 -54.785063797608 0
4.9022919140989 -51.9026956823654 0
9.04874142608605 -48.191077677533 0
13.1943016006262 -44.4794363896362 0
15.9483867012896 -42.4285321403295 0
18.7126893179957 -39.9537470452487 0
20.1050454549841 -38.2930290144868 0
21.4863233842188 -37.0550597654656 0
22.1926929827314 -35.8019302170724 0
22.8888704461278 -34.9715709621087 0
23.574829123274 -34.5650916360319 0
23.5952396788634 -33.7184413075447 0
23.5952396788634 -33.7184413075447 0
24.2812249708222 -33.3108522915281 0
24.291416840977 -32.8880819459446 0
24.3016354639549 -32.4642019649036 0
24.9978124584886 -31.6338425506838 0
25.0080042988993 -31.2110722037032 0
25.0182228906779 -30.7871922217309 0
25.0386333272327 -29.9405418913811 0
25.0590437643696 -29.0938915605657 0
25.0794274580549 -28.2483508624136 0
25.0998379045632 -27.4017005292699 0
25.1304669549572 -26.1311702118255 0
25.1508774092654 -25.2845198763534 0
24.4955219521653 -24.4215786159039 0
24.5057138423435 -23.9988082661293 0
24.5261243755231 -23.1521579278633 0
23.8707691666204 -22.2892166050151 0
23.2154140972998 -21.4262752276845 0
23.2256060612854 -21.0035048699938 0
22.5702511678683 -20.1405634325929 0
21.904704377579 -19.7003922918811 0
21.9251152033103 -18.8537419443019 0
21.2595418004785 -18.4146803817712 0
19.9395265158964 -17.1115888082422 0
18.6185992264654 -15.8095852932893 0
15.966553538572 -13.6283479398116 0
13.304316729831 -11.8698800499551 0
10.6523004077608 -9.6875312551856 0
10.6523004077608 -9.6875312551856 0
8.65649674047017 -8.36925523960963 0
5.33891113940626 -5.74784195050597 0
2.01110775646521 -3.5503072636202 0
-1.30558822111925 -0.928912506904453 0
-5.29893170192372 1.7087984373793 0
-7.95096569729503 3.89004391850904 0
-11.943419191346 6.52773688081652 0
-17.2576734512695 10.4674628572538 0
-22.5821171620628 13.9844220243394 0
-27.8954761424684 17.9241338493302 0
-27.8954761424684 17.9241338493302 0
-28.561017336091 18.36430926295 0
-29.2265852185665 18.8033751030453 0
-30.5576940207975 19.682616579812 0
-31.2232349405531 20.1227922192775 0
-31.8989974404685 20.1390878548846 0
-32.5645650173537 20.5781539734453 0
-33.2403274850221 20.5944497203454 0
-34.5807449693093 21.0509000844322 0
-35.9322698442265 21.0834919605404 0
-37.2837947220542 21.1160840569064 0
-38.6353196013952 21.1486763716675 0
-39.3110820438596 21.164972610306 0
-40.6626069301856 21.1975652533583 0
-41.3485915054334 20.7899815873243 0
-42.0345493885106 20.3835076093674 0
-42.7103119037347 20.399804121349 0
-44.0822547090356 19.585746801924 0
-44.7682395940647 19.1781634092331 0
-45.4533121223794 18.7716683400795 0
-46.1392971447203 18.3640850540251 0
-46.8252554762876 17.9576114518568 0
-47.5214363070554 17.1272578346543 0
-48.2074215677567 16.7196747083217 0
-48.903602637467 15.8893211982213 0
-48.9137983738328 15.4665507557802 0
-49.609979608329 14.6361972992308 0
-50.295938414929 14.2297239666805 0
-50.9921198860975 13.3993706121109 0
-51.0125383130508 12.5527201020159 0
-51.7087199838134 11.7223668028601 0
-51.7291384702548 10.8757162936963 0
-52.4355429963907 9.62148297904059 0
-52.4559615445323 8.77483247080818 0
-53.1623395707575 7.52170883864164 0
-53.1929540998535 6.25228789448738 0
-53.2235953809577 4.98175731906667 0
-53.2542098943377 3.71233637910336 0
-53.274628485553 2.86568587599322 0
-53.2950470718206 2.0190353738144 0
-53.3154656566912 1.17238487396389 0
-53.3460801450419 -0.0970360636711121 0
-53.3664987199008 -0.943686561658978 0
-53.3869172910927 -1.79033706011251 0
-52.7417940727319 -3.07716492051259 0
-52.7622125673224 -3.9238154143095 0
-52.7622125673224 -3.9238154143095 0
-52.1272848905646 -5.63341364590451 0
-51.4923301660456 -7.34190217591822 0
-51.5229710533167 -8.61243272386491 0
-50.8676244253293 -9.47538034012541 0
-50.8982384363771 -10.7448012460954 0
-50.9288791986182 -12.0153317889199 0
-50.9696889362531 -13.7075231149793 0
-51.0207479186356 -15.8247041297145 0
-51.7577682898846 -18.3483584458008 0
-52.4641481307335 -19.6014821771532 0
-53.1705281704199 -20.8546058516949 0
-53.8667125460925 -21.6849590539932 0
-54.5628970561665 -22.5153122027405 0
-55.2693043884356 -23.7695453544147 0
-55.9552664813818 -24.1760183419101 0
-56.6514513936127 -25.0063713304698 0
-57.3476364423987 -25.8367242654786 0
-58.7187023304868 -26.6508008623496 0
-59.4046648317017 -27.0572735792957 0
-62.1383727864595 -28.2626127623953 0
-62.1485690459376 -28.6853831866756 0
-64.2065113064018 -29.9070196440443 0
-64.2065113064018 -29.9070196440443 0
-66.2644274241757 -31.1275459821336 0
-66.2746506428812 -31.551426043734 0
-67.6466040514642 -32.3654798804782 0
-67.6466040514642 -32.3654798804782 0
-68.3427907974692 -33.1958319623955 0
-68.3427907974692 -33.1958319623955 0
-69.7138322505634 -34.0087972022593 0
-69.7138322505634 -34.0087972022593 0
-70.4100193348713 -34.8391491235234 0
-70.4100193348713 -34.8391491235234 0
-71.1062065520091 -35.6695009917021 0
-71.1062065520091 -35.6695009917021 0
-71.8023939042469 -36.4998528067954 0
-71.8023939042469 -36.4998528067954 0
-72.4985813922249 -37.3302045715973 0
-72.4985813922249 -37.3302045715973 0
-73.194769013091 -38.1605562795885 0
-73.2049925611354 -38.5844363397919 0
-73.8909567690571 -38.9909079340287 0
-73.8909567690571 -38.9909079340287 0
-74.58714465925 -39.8212595372461 0
-74.58714465925 -39.8212595372461 0
-75.2833326838445 -40.6516110859811 0
-75.2833326838445 -40.6516110859811 0
-75.3037532106973 -41.4982615774497 0
-75.3037532106973 -41.4982615774497 0
-75.9999414355261 -42.3286130726337 0
-75.9999414355261 -42.3286130726337 0
-76.696129797725 -43.1589645147324 0
-76.696129797725 -43.1589645147324 0
-77.392318289727 -43.9893159037456 0
-77.392318289727 -43.9893159037456 0
-77.4127390088979 -44.8359663966112 0
-77.4127390088979 -44.8359663966112 0
-78.1089277012506 -45.666317732539 0
-78.1089277012506 -45.666317732539 0
-78.1293484806083 -46.5129682226107 0
-78.1293484806083 -46.5129682226107 0
-78.8459314486245 -48.1888603628613 0
-78.8459314486245 -48.1888603628613 0
-79.5625414422248 -49.8658620817587 0
-79.5625414422248 -49.8658620817587 0
-80.2791516978759 -51.5428637466393 0
-80.9846794104669 -52.7971162954345 0
-81.6910662298906 -54.0502377925441 0
-82.3974532489083 -55.3033592393622 0
-83.1140644545667 -56.98036069097 0
-83.8102546458249 -57.810711604543 0
-84.5166690243641 -59.0649425243028 0
-85.2026354304398 -59.4714132673107 0
-85.8988260261249 -60.3017640188336 0
-87.270786013105 -61.1158148744144 0
-88.642746276455 -61.9298655143939 0
-89.338937413122 -62.7602159990929 0
-90.0249043671647 -63.1666863695718 0
-91.3866676244652 -63.5579661498778 0
-92.0717490761308 -63.9644577228464 0
-92.7577430366073 -64.3720375089906 0
-93.4335125787184 -64.3557371776551 0
-94.7952494569472 -64.7459067860618 0
-96.1570132394554 -65.1371858050115 0
-97.5187503959751 -65.5273549803533 0
-99.5562841466162 -65.9023327492177 0
-100.907823524904 -65.8697309424169 0
-102.945330796647 -66.2435982609168 0
-102.945330796647 -66.2435982609168 0
-103.620214849594 -66.2273184768856 0
-104.295984577446 -66.2110172729008 0
-105.64752403734 -66.1784147010185 0
-106.323293769383 -66.1621133335866 0
-106.999063501658 -66.145811910741 0
-108.350602969644 -66.1132089020684 0
-109.026372705353 -66.0969073153101 0
-109.702142441296 -66.0806056740694 0
-111.053681915975 -66.0480022267438 0
-111.729451654712 -66.031700420659 0
-112.40522139502 -66.0153985605575 0
-113.080991135561 -65.9990966459736 0
-113.75676087779 -65.9827946764417 0
-114.441870492417 -66.3903940990567 0
-115.127839081921 -66.7968624695204 0
-115.81383450795 -67.2044404209591 0
-117.18577202945 -68.017376890406 0
-117.871767662 -68.4249546807259 0
-118.567962338973 -69.2553028655238 0
-119.950126289215 -70.492118995171 0
-121.332317415159 -71.7300445404835 0
-122.724708120455 -73.3907403238118 0
-123.441302083025 -75.0666290395893 0
-124.147723842994 -76.3208568850532 0
-124.843919763691 -77.151204591617 0
-125.550315118278 -78.4043226987123 0
-126.26605109591 -80.0813422012143 0
-126.972446880187 -81.3344601979479 0
-127.013297858299 -83.0277612665668 0
-127.719720735971 -84.2819888438098 0
-127.760571826831 -85.9752899101004 0
-127.79119674908 -87.244710886851 0
-127.832047814969 -88.938011944294 0
-127.852473341743 -89.7846624720842 0
-127.883098240476 -91.0540834483691 0
-127.237977980752 -92.3409170769155 0
-127.278828865965 -94.0342181217857 0
-126.633681476233 -95.3199420552701 0
-125.979220289038 -96.1828741184436 0
-125.989419550868 -96.6056445613503 0
-125.334072511294 -97.4685979331844 0
-125.344298504991 -97.8924780050293 0
-124.013178860187 -98.7717340611853 0
-123.357831437199 -99.6346872593276 0
-122.702483873931 -100.497640402056 0
-120.705789885717 -101.815968906973 0
-118.719320917909 -103.558176971041 0
-118.719320917909 -103.558176971041 0
-111.419446808053 -109.240150591359 0
-106.770727169351 -112.740862760693 0
-105.449801429 -114.042886075564 0
-98.1499092897866 -119.724847279023 0
-90.1844569534296 -125.846981597133 0
-83.5492365742102 -131.089880192652 0
-80.2324822044466 -133.710196380038 0
-80.2324822044466 -133.710196380038 0
-79.5669306470663 -134.15037542209 0
-78.9013522567693 -134.589444777928 0
-77.5600253514713 -135.045922572725 0
-76.8944467922556 -135.484991760924 0
-75.5531196534866 -135.941469221842 0
-74.2117656178307 -136.3968368317 0
-74.2117656178307 -136.3968368317 0
-73.5359903121134 -136.413135365583 0
-72.870438208105 -136.853313849773 0
-71.5086644003168 -136.462030640803 0
-70.8337747801561 -136.478307595011 0
-70.1478031749139 -136.071835483424 0
-69.4720279086614 -136.088133690413 0
-68.1000582132256 -135.274079567753 0
-67.4140600881074 -134.866497610696 0
-66.7178658933262 -134.036145230755 0
-66.0318946987973 -133.629672796 0
-66.0114757267293 -132.783022425137 0
-65.3254779074341 -132.37544030603 0
-64.6293108776445 -131.546197396237 0
-64.6088920340408 -130.699547024909 0
-63.9126984417671 -129.86919443123 0
-63.8820568868541 -128.598664058372 0
-63.1756675463403 -127.345541039947 0
-63.1348300930113 -125.652240294497 0
-63.1042153729359 -124.382819549181 0
-62.4080224083737 -123.552466848865 0
-61.7016068936791 -122.298234091606 0
-61.6914109699428 -121.875463721808 0
-60.3194443199318 -121.061408433132 0
-59.6241375723621 -120.231034160126 0
-59.6139149859082 -119.807154155802 0
-58.927945278585 -119.40068119159 0
-56.8802055018023 -118.602922720369 0
-56.1840136168757 -117.772569542751 0
-54.8222705494845 -117.382393397857 0
-53.4503053371445 -116.568337033968 0
-52.0783404002432 -115.754280456807 0
-50.69615358382 -114.516343661584 0
-48.6484158763196 -113.718583252281 0
-47.9531108940719 -112.888208073564 0
-46.5811471207417 -112.07415063493 0
-45.8951787167462 -111.667676650453 0
-45.1989884965587 -110.837322616484 0
-44.5027984098997 -110.006968530826 0
-43.7964133973001 -108.753844028804 0
-41.7180394108873 -106.68555165315 0
-38.2167040804634 -101.688238630537 0
