358.964599609	406.175537109	0
358.991363525	406.688659668	0
358.988250732	407.234832764	0
358.975891113	407.771118164	0
358.911407471	408.270141602	0
358.85043335	408.838439941	0
358.781829834	409.376220703	0
358.63381958	409.923187256	0
358.491485596	410.438934326	0
358.340942383	410.992889404	0
358.179016113	411.567596436	0
357.990783691	412.031951904	0
357.779998779	412.516784668	0
357.570800781	413.023803711	0
357.329986572	413.50970459	0
357.027618408	413.992156982	0
356.731445312	414.492156982	0
356.400604248	414.973876953	0
356.032104492	415.457824707	0
355.668823242	415.944671631	0
355.254394531	416.381225586	0
354.899353027	416.735870361	0
354.53302002	417.113067627	0
354.156768799	417.501708984	0
353.778442383	417.888305664	0
353.375762939	418.231872559	0
352.937988281	418.55670166	0
352.497833252	418.893371582	0
352.052734375	419.240905762	0
351.597717285	419.593505859	0
351.12689209	419.956634521	0
350.653320312	420.301086426	0
350.159790039	420.625061035	0
349.652954102	420.960327148	0
349.130065918	421.310211182	0
348.602905273	421.663085938	0
348.070404053	422.01751709	0
347.533050537	422.372772217	0
346.982818604	422.737548828	0
346.549194336	423.02456665	0
346.004760742	423.384552002	0
345.579620361	423.667236328	0
345.145599365	423.955932617	0
344.720550537	424.238464355	0
344.284545898	424.527679443	0
343.844848633	424.819335938	0
343.405456543	425.111053467	0
342.964111328	425.404449463	0
342.516418457	425.701873779	0
342.068237305	425.999725342	0
341.617034912	426.299499512	0
341.151123047	426.608825684	0
340.694854736	426.911376953	0
340.244140625	427.223144531	0
339.792144775	427.537689209	0
339.339202881	427.852325439	0
338.880554199	428.169952393	0
338.417449951	428.490478516	0
337.963195801	428.805023193	0
337.499267578	429.124572754	0
337.061798096	429.445495605	0
336.658477783	429.797210693	0
336.252563477	430.163696289	0
335.850524902	430.522186279	0
335.436462402	430.887634277	0
335.017578125	431.256622314	0
334.604797363	431.622070312	0
334.18939209	431.991394043	0
333.771850586	432.362762451	0
333.351501465	432.736206055	0
332.932617188	433.107635498	0
332.507141113	433.483551025	0
332.083282471	433.859191895	0
331.653778076	434.239959717	0
331.231811523	434.61416626	0
330.808227539	434.990844727	0
330.382629395	435.368927002	0
329.961730957	435.741912842	0
329.539123535	436.116119385	0
329.112670898	436.493804932	0
328.684753418	436.87322998	0
328.255859375	437.253662109	0
327.834381104	437.627593994	0
327.412963867	438.001342773	0
326.992218018	438.374328613	0
326.571899414	438.747436523	0
326.152526855	439.119354248	0
325.730743408	439.493865967	0
325.304870605	439.874145508	0
324.882263184	440.237579346	0
324.446777344	440.58303833	0
324.011566162	440.926147461	0
323.575531006	441.270294189	0
323.139007568	441.616455078	0
322.703887939	441.962219238	0
322.272277832	442.305206299	0
321.835205078	442.652526855	0
321.401824951	442.996612549	0
320.966918945	443.341827393	0
320.528320312	443.689971924	0
320.092590332	444.035919189	0
319.648071289	444.388946533	0
319.219482422	444.729431152	0
318.78692627	445.072753906	0
318.346313477	445.422668457	0
317.908813477	445.769561768	0
317.472015381	446.116149902	0
317.039550781	446.459259033	0
316.605255127	446.803314209	0
316.171508789	447.148529053	0
315.74786377	447.478240967	0
315.307067871	447.767547607	0
314.839294434	448.012054443	0
314.362731934	448.250915527	0
313.877807617	448.500427246	0
313.393188477	448.752349854	0
312.903930664	449.007781982	0
312.414245605	449.261535645	0
311.917633057	449.517700195	0
311.443878174	449.754577637	0
310.950683594	449.952148438	0
310.440307617	450.086975098	0
309.925170898	450.202056885	0
309.391967773	450.325775146	0
308.868530273	450.451751709	0
308.330688477	450.580993652	0
307.780639648	450.710754395	0
307.232635498	450.839355469	0
306.705932617	450.958709717	0
306.176391602	451.033966064	0
305.641845703	451.05480957	0
305.093841553	451.067169189	0
304.539886475	451.085083008	0
303.967010498	451.107055664	0
303.391052246	451.128967285	0
302.82208252	451.149505615	0
302.246765137	451.169128418	0
301.672973633	451.188690186	0
301.097106934	451.210357666	0
300.544311523	451.207550049	0
300.004211426	451.143218994	0
299.460968018	451.038482666	0
298.887878418	450.9296875	0
298.305511475	450.825683594	0
297.717407227	450.722167969	0
297.129974365	450.617248535	0
296.557312012	450.504821777	0
296.00869751	450.337738037	0
295.496856689	450.096740723	0
294.985412598	449.786376953	0
294.443786621	449.459259033	0
293.892028809	449.135620117	0
293.334777832	448.80758667	0
292.768188477	448.469390869	0
292.22064209	448.137664795	0
291.718566895	447.770812988	0
291.27734375	447.337249756	0
290.905487061	446.839691162	0
290.557922363	446.311431885	0
290.204742432	445.789855957	0
289.83984375	445.256103516	0
289.47479248	444.7159729	0
289.109100342	444.170776367	0
288.744842529	443.624511719	0
288.446075439	443.073883057	0
288.235717773	442.483551025	0
288.088562012	441.860656738	0
287.93927002	441.24331665	0
287.780639648	440.617004395	0
287.621520996	439.980895996	0
287.464324951	439.338500977	0
287.308959961	438.702758789	0
287.150817871	438.069396973	0
287.028015137	437.44821167	0
286.986785889	436.820526123	0
286.960906982	436.177612305	0
286.927947998	435.547271729	0
286.891418457	434.911193848	0
286.856994629	434.263092041	0
286.825195312	433.614501953	0
286.790252686	432.963897705	0
286.794128418	432.340454102	0
286.856628418	431.711425781	0
286.920318604	431.089202881	0
286.979736328	430.467803955	0
287.038391113	429.857025146	0
287.1434021	429.258178711	0
287.262451172	428.661804199	0
287.375915527	428.070617676	0
287.489471436	427.462768555	0
287.602874756	426.861663818	0
287.720458984	426.249206543	0
287.837402344	425.642211914	0
287.955535889	425.027679443	0
288.07244873	424.415771484	0
288.188842773	423.8074646	0
288.308288574	423.190673828	0
288.412506104	422.587158203	0
288.448974609	421.993621826	0
288.401977539	421.407409668	0
288.335174561	420.789398193	0
288.277282715	420.164855957	0
288.222045898	419.530792236	0
288.162811279	418.891571045	0
288.09967041	418.238189697	0
288.038635254	417.594177246	0
287.980163574	416.956665039	0
287.92074585	416.303436279	0
287.861419678	415.645629883	0
287.797637939	415.017700195	0
287.669952393	414.406280518	0
287.492706299	413.798431396	0
287.316497803	413.18157959	0
287.150024414	412.571746826	0
286.95223999	411.978668213	0
286.700286865	411.408599854	0
286.44241333	410.840423584	0
286.186035156	410.257049561	0
285.912139893	409.712249756	0
285.58996582	409.199188232	0
285.257598877	408.672332764	0
284.93536377	408.150115967	0
284.58682251	407.668884277	0
284.176239014	407.240539551	0
283.743438721	406.814331055	0
283.328674316	406.391937256	0
282.897766113	405.991790771	0
282.420471191	405.652404785	0
281.950683594	405.336212158	0
281.455078125	404.99407959	0
280.960327148	404.647186279	0
280.461456299	404.299682617	0
279.960510254	403.95413208	0
279.451141357	403.602874756	0
278.93347168	403.244628906	0
278.416503906	402.88671875	0
277.894378662	402.525695801	0
277.365234375	402.160369873	0
276.833740234	401.792907715	0
276.296936035	401.421844482	0
275.749725342	401.045715332	0
275.256744385	400.658538818	0
274.771972656	400.239898682	0
274.29095459	399.827209473	0
273.801055908	399.411621094	0
273.304962158	398.991363525	0
272.817230225	398.577514648	0
272.342346191	398.160583496	0
271.922271729	397.706665039	0
271.50970459	397.227905273	0
271.093841553	396.753051758	0
270.666442871	396.270355225	0
270.234985352	395.781494141	0
269.808013916	395.294677734	0
269.378356934	394.804290771	0
268.945617676	394.311645508	0
268.506561279	393.812469482	0
268.073913574	393.320770264	0
267.630371094	392.817779541	0
267.206756592	392.323791504	0
266.842254639	391.79776001	0
266.494842529	391.255493164	0
266.137268066	390.706787109	0
265.775115967	390.158996582	0
265.446044922	389.623077393	0
265.168457031	389.055999756	0
264.890838623	388.47467041	0
264.608886719	387.899169922	0
264.319763184	387.315216064	0
264.031860352	386.729034424	0
263.745788574	386.142150879	0
263.458435059	385.552581787	0
263.167785645	384.958435059	0
262.87701416	384.365203857	0
262.586364746	383.771636963	0
262.294433594	383.175292969	0
262.002563477	382.579193115	0
261.705566406	381.972747803	0
261.41204834	381.373046875	0
261.120941162	380.778686523	0
260.826080322	380.176574707	0
260.533203125	379.578369141	0
260.237792969	378.973052979	0
259.946228027	378.37399292	0
259.653259277	377.77166748	0
259.358154297	377.167755127	0
259.067871094	376.57913208	0
258.730957031	376.032287598	0
258.330688477	375.527252197	0
257.923706055	375.020385742	0
257.523376465	374.51071167	0
257.123962402	373.998687744	0
256.719360352	373.484191895	0
256.315704346	372.97253418	0
255.91468811	372.463409424	0
255.504882812	371.941680908	0
255.103546143	371.428161621	0
254.695755005	370.943206787	0
254.234909058	370.519775391	0
253.743728638	370.131896973	0
253.245422363	369.7315979	0
252.754302979	369.33013916	0
252.260009766	368.927398682	0
251.755661011	368.520355225	0
251.253494263	368.116424561	0
250.752075195	367.709381104	0
250.258087158	367.343078613	0
249.718933105	367.049285889	0
249.168304443	366.799591064	0
248.612854004	366.541351318	0
248.06072998	366.277954102	0
247.503265381	366.012481689	0
246.948669434	365.753356934	0
246.379959106	365.489318848	0
245.822647095	365.229705811	0
245.253662109	365.011627197	0
244.695220947	364.882202148	0
244.11932373	364.798858643	0
243.546234131	364.713104248	0
242.986236572	364.623077393	0
242.418533325	364.530944824	0
241.849960327	364.441162109	0
241.27935791	364.352935791	0
240.702590942	364.263366699	0
240.120895386	364.172424316	0
239.539245605	364.081115723	0
238.948226929	363.988555908	0
238.36517334	363.897827148	0
237.774719238	363.806121826	0
237.189849854	363.715332031	0
236.598831177	363.623504639	0
236.000427246	363.530517578	0
235.416305542	363.440155029	0
234.821044922	363.350708008	0
234.216018677	363.257995605	0
233.619384766	363.167816162	0
233.024169922	363.075775146	0
232.419036865	362.980651855	0
231.816497803	362.886749268	0
231.220718384	362.794921875	0
230.618087769	362.70199585	0
230.030380249	362.611785889	0
229.464935303	362.488494873	0
228.916610718	362.3097229	0
228.356689453	362.118804932	0
227.782073975	361.928741455	0
227.197998047	361.739135742	0
226.614654541	361.548278809	0
226.027679443	361.353729248	0
225.456329346	361.164154053	0
224.905654907	360.937927246	0
224.403717041	360.65057373	0
223.937530518	360.291290283	0
223.47064209	359.910217285	0
222.987442017	359.526641846	0
222.507705688	359.151000977	0
222.060272217	358.760620117	0
221.624481201	358.332885742	0
221.196472168	357.914093018	0
220.752197266	357.486419678	0
220.308059692	357.06036377	0
219.860809326	356.628601074	0
219.417434692	356.200714111	0
219.005325317	355.763549805	0
218.656585693	355.286621094	0
218.317504883	354.790557861	0
217.964065552	354.285186768	0
217.607192993	353.781280518	0
217.244522095	353.266235352	0
216.884277344	352.750335693	0
216.530487061	352.239562988	0
216.230438232	351.712677002	0
216.010375977	351.154174805	0
215.807418823	350.580444336	0
215.595932007	350.004882812	0
215.378738403	349.424682617	0
215.165603638	348.84765625	0
214.949569702	348.255706787	0
214.733398438	347.664489746	0
214.511230469	347.063537598	0
214.295913696	346.476959229	0
214.129745483	345.89050293	0
214.060073853	345.295166016	0
214.037826538	344.688140869	0
214.005950928	344.076843262	0
213.9659729	343.462036133	0
213.927520752	342.841033936	0
213.892684937	342.212890625	0
213.859115601	341.584960938	0
213.822601318	340.94732666	0
213.799240112	340.332641602	0
213.843841553	339.733947754	0
213.975021362	339.139465332	0
214.123413086	338.550994873	0
214.263519287	337.961486816	0
214.401611328	337.365509033	0
214.54107666	336.775299072	0
214.684661865	336.173950195	0
214.822952271	335.578491211	0
214.980331421	335.005065918	0
215.202087402	334.468688965	0
215.492218018	333.976043701	0
215.822463989	333.533752441	0
216.157073975	333.087554932	0
216.483795166	332.639068604	0
216.81362915	332.187530518	0
217.148361206	331.733673096	0
217.486175537	331.278869629	0
217.821685791	330.823181152	0
218.165298462	330.391571045	0
218.546081543	330.011413574	0
218.973510742	329.673187256	0
219.395751953	329.347564697	0
219.822387695	329.010498047	0
220.25163269	328.667419434	0
220.697555542	328.312530518	0
221.160430908	327.948181152	0
221.573562622	327.62387085	0
222.007293701	327.283874512	0
222.45085144	326.935699463	0
222.90020752	326.582824707	0
223.348648071	326.23236084	0
223.794219971	325.8828125	0
224.247406006	325.525634766	0
224.705123901	325.164428711	0
225.1590271	324.807189941	0
225.618225098	324.446411133	0
226.078125	324.083892822	0
226.527404785	323.739868164	0
226.992980957	323.424438477	0
227.457824707	323.115844727	0
227.928466797	322.801025391	0
228.399627686	322.483459473	0
228.879959106	322.159301758	0
229.353164673	321.843200684	0
229.793746948	321.52432251	0
230.240127563	321.186096191	0
230.689498901	320.845703125	0
231.134567261	320.510681152	0
231.586044312	320.171936035	0
232.033798218	319.835632324	0
232.478439331	319.501037598	0
232.93196106	319.159179688	0
233.379974365	318.821716309	0
233.833221436	318.480651855	0
234.280731201	318.143920898	0
234.72857666	317.807037354	0
235.184631348	317.46383667	0
235.638153076	317.122375488	0
236.087249756	316.784332275	0
236.537139893	316.445617676	0
236.986434937	316.109375	0
237.415283203	315.769348145	0
237.838317871	315.424865723	0
238.273681641	315.070861816	0
238.706054688	314.721069336	0
239.138671875	314.371795654	0
239.571914673	314.021820068	0
240.00479126	313.671508789	0
240.445877075	313.314117432	0
240.880615234	312.962097168	0
241.319381714	312.607055664	0
241.754486084	312.255065918	0
242.192581177	311.900634766	0
242.624649048	311.550933838	0
243.057220459	311.200866699	0
243.488189697	310.852050781	0
243.923675537	310.499572754	0
244.354598999	310.150878906	0
244.792114258	309.796875	0
245.219528198	309.45098877	0
245.65385437	309.098083496	0
246.090179443	308.783111572	0
246.537872314	308.478424072	0
246.986663818	308.172637939	0
247.436462402	307.862792969	0
247.888961792	307.550231934	0
248.342315674	307.237121582	0
248.794784546	306.924957275	0
249.248779297	306.612548828	0
249.699874878	306.301391602	0
250.156646729	305.986053467	0
250.617752075	305.668243408	0
251.07800293	305.350128174	0
251.530517578	305.036773682	0
251.987670898	304.721008301	0
252.44720459	304.40322876	0
252.9009552	304.089477539	0
253.356430054	303.775085449	0
253.817718506	303.456817627	0
254.274078369	303.141937256	0
254.731628418	302.82598877	0
255.197723389	302.504150391	0
255.654876709	302.188446045	0
256.111206055	301.871276855	0
256.566619873	301.572906494	0
257.031799316	301.331756592	0
257.524475098	301.120117188	0
258.026733398	300.905670166	0
258.533752441	300.683166504	0
259.033508301	300.460784912	0
259.54208374	300.235687256	0
260.051635742	300.012481689	0
260.562927246	299.788635254	0
261.060913086	299.576293945	0
261.564453125	299.409454346	0
262.083831787	299.307769775	0
262.606658936	299.273101807	0
263.143341064	299.294708252	0
263.690704346	299.323760986	0
264.251464844	299.347351074	0
264.816925049	299.369262695	0
265.381835938	299.393249512	0
265.95022583	299.419494629	0
266.514068604	299.443878174	0
267.06463623	299.48324585	0
267.595611572	299.578552246	0
268.103668213	299.74206543	0
268.602233887	299.979522705	0
269.063659668	300.280090332	0
269.510437012	300.615142822	0
269.977233887	300.959869385	0
270.444396973	301.300689697	0
270.924957275	301.651733398	0
271.381835938	301.999694824	0
271.79498291	302.385406494	0
272.199127197	302.791046143	0
272.615753174	303.202301025	0
273.038024902	303.613311768	0
273.460662842	304.02532959	0
273.887145996	304.444213867	0
274.32208252	304.872467041	0
274.751525879	305.294219971	0
275.195526123	305.729278564	0
275.635345459	306.160125732	0
276.078582764	306.595001221	0
276.522155762	307.030639648	0
276.970092773	307.470458984	0
277.415435791	307.907409668	0
277.867828369	308.351165771	0
278.312408447	308.78729248	0
278.765045166	309.231292725	0
279.212799072	309.670288086	0
279.660247803	310.109069824	0
280.110168457	310.550323486	0
280.554443359	310.986083984	0
281.005432129	311.428649902	0
281.451416016	311.866241455	0
281.902648926	312.308807373	0
282.349029541	312.746520996	0
282.796600342	313.185638428	0
283.244476318	313.62512207	0
283.691253662	314.063415527	0
284.141357422	314.505065918	0
284.589111328	314.944366455	0
285.039001465	315.385864258	0
285.479400635	315.820556641	0
285.891174316	316.268127441	0
286.30480957	316.724304199	0
286.72366333	317.18347168	0
287.139984131	317.637359619	0
287.563903809	318.099731445	0
287.983276367	318.558502197	0
288.408569336	319.02432251	0
288.830078125	319.485626221	0
289.254089355	319.947906494	0
289.665527344	320.411651611	0
290.058319092	320.875396729	0
290.457183838	321.346282959	0
290.861053467	321.820770264	0
291.266265869	322.295654297	0
291.669158936	322.768615723	0
292.071899414	323.242156982	0
292.476135254	323.717498779	0
292.876037598	324.18762207	0
293.279632568	324.661712646	0
293.681549072	325.133850098	0
294.094085693	325.618682861	0
294.495452881	326.090393066	0
294.900268555	326.566162109	0
295.305236816	327.042175293	0
295.704406738	327.511047363	0
296.113098145	327.991363525	0
296.51361084	328.462005615	0
296.922363281	328.942260742	0
297.32421875	329.414398193	0
297.728179932	329.889038086	0
298.130981445	330.36239624	0
298.533721924	330.835662842	0
298.942810059	331.316253662	0
299.347839355	331.792205811	0
299.751281738	332.266479492	0
300.158905029	332.745605469	0
300.563659668	333.221405029	0
300.958770752	333.68572998	0
301.366119385	334.164611816	0
301.768737793	334.637817383	0
302.177947998	335.118835449	0
302.577362061	335.588287354	0
302.97845459	336.0597229	0
303.385131836	336.537750244	0
303.780853271	337.002868652	0
304.186950684	337.480285645	0
304.587768555	337.951477051	0
304.987182617	338.420928955	0
305.394714355	338.899810791	0
305.791259766	339.36605835	0
306.194244385	339.839508057	0
306.596496582	340.310974121	0
306.995513916	340.778625488	0
307.398071289	341.250701904	0
307.796905518	341.718994141	0
308.200378418	342.194000244	0
308.59677124	342.660858154	0
309.000579834	343.135314941	0
309.399597168	343.603637695	0
309.795166016	344.06817627	0
310.21697998	344.564086914	0
310.594268799	345.00769043	0
310.994934082	345.47845459	0
311.393585205	345.946807861	0
311.791931152	346.414794922	0
312.191009521	346.88394165	0
312.590423584	347.353088379	0
312.984344482	347.815612793	0
313.381835938	348.282226562	0
313.781097412	348.751068115	0
314.173583984	349.212097168	0
314.57019043	349.678131104	0
314.971008301	350.148986816	0
315.365570068	350.612304688	0
315.761138916	351.076812744	0
316.159667969	351.544952393	0
316.557800293	352.012420654	0
316.955657959	352.479370117	0
317.351013184	352.943359375	0
317.750732422	353.412414551	0
318.148834229	353.87991333	0
318.543731689	354.343841553	0
318.94241333	354.811981201	0
319.340637207	355.279693604	0
319.738311768	355.746673584	0
320.139648438	356.218048096	0
320.535064697	356.682434082	0
320.929077148	357.145233154	0
321.331451416	357.617767334	0
321.728088379	358.083526611	0
322.123291016	358.547454834	0
322.521850586	359.015380859	0
322.916992188	359.479187012	0
323.312835693	359.943878174	0
323.711425781	360.411804199	0
324.103790283	360.872436523	0
324.500793457	361.338470459	0
324.895690918	361.802032471	0
325.288421631	362.263031006	0
325.682922363	362.725830078	0
326.081176758	363.193115234	0
326.478607178	363.659332275	0
326.87322998	364.122497559	0
327.261138916	364.577178955	0
327.67199707	364.993621826	0
328.096801758	365.397460938	0
328.526367188	365.808380127	0
328.95880127	366.226654053	0
329.394317627	366.649169922	0
329.836334229	367.076507568	0
330.275512695	367.499572754	0
330.714813232	367.922210693	0
331.154388428	368.345153809	0
331.589447021	368.764282227	0
332.02633667	369.184875488	0
332.463623047	369.606079102	0
332.896972656	370.024230957	0
333.3309021	370.442901611	0
333.769714355	370.865936279	0
334.202575684	371.283599854	0
334.642089844	371.707885742	0
335.080810547	372.131347656	0
335.516235352	372.551544189	0
335.957580566	372.977142334	0
336.390869141	373.394805908	0
336.823944092	373.81237793	0
337.260894775	374.233703613	0
337.697387695	374.654724121	0
338.131378174	375.073425293	0
338.567596436	375.494018555	0
339.003417969	375.914245605	0
339.433685303	376.32913208	0
339.87020874	376.750061035	0
340.303283691	377.167663574	0
340.734039307	377.582946777	0
341.16494751	377.998474121	0
341.59753418	378.415588379	0
342.031341553	378.83392334	0
342.464019775	379.251098633	0
342.900268555	379.671722412	0
343.331054688	380.087127686	0
343.761352539	380.50201416	0
344.191986084	380.917175293	0
344.630157471	381.339691162	0
345.059997559	381.754119873	0
345.492797852	382.171508789	0
345.926300049	382.589630127	0
346.352783203	383.000854492	0
346.783203125	383.416046143	0
347.218170166	383.835510254	0
347.64553833	384.247558594	0
348.072601318	384.659362793	0
348.498901367	385.070495605	0
348.936218262	385.49041748	0
349.348022461	385.90335083	0
349.740875244	386.327270508	0
350.132476807	386.751037598	0
350.531921387	387.180236816	0
350.930877686	387.607177734	0
351.326629639	388.03112793	0
351.721374512	388.455078125	0
352.12298584	388.886962891	0
352.522216797	389.316131592	0
352.918823242	389.741210938	0
353.28125	390.177429199	0
353.643615723	390.634033203	0
354.003265381	391.084991455	0
354.366241455	391.536376953	0
354.723999023	391.979980469	0
355.104736328	392.453796387	0
355.457763672	392.894317627	0
355.825256348	393.352874756	0
356.195709229	393.811798096	0
356.529693604	394.258636475	0
356.817657471	394.743743896	0
357.076141357	395.233062744	0
357.287780762	395.734283447	0
357.485473633	396.239715576	0
357.691925049	396.758300781	0
357.898254395	397.27130127	0
358.106994629	397.792236328	0
358.316833496	398.319580078	0
358.52456665	398.843292236	0
358.738189697	399.380981445	0
358.95098877	399.915100098	0
359.160003662	400.438659668	0
359.329711914	400.963653564	0
359.483581543	401.50793457	0
359.638763428	402.053100586	0
359.796173096	402.593719482	0
359.947937012	403.110321045	0
360.094482422	403.611938477	0
360.259033203	404.185852051	0
360.413543701	404.723999023	0
