-71.62709891100491, -110.91594392904108, 1.8844694519147962
-71.33649930586763, -110.51131252023123, 1.8876896372403023
-71.04477892243807, -110.1078850868247, 1.8909708368789102
-70.75156920089773, -109.7057826603366, 1.8942859021950866
-70.45654241401851, -109.30509435930267, 1.897607645335882
-70.15941862898566, -108.90587752415938, 1.9009092135854946
-69.85997151288655, -108.50815825471977, 1.9041644469857992
-69.5580328238367, -108.1119323477145, 1.9073482134044832
-69.25349547047668, -107.7171666258483, 1.9104367158516586
-68.94631506445816, -107.32380064326338, 1.9134077675430081
-68.63650993393682, -106.93174874724522, 1.916241030966344
-68.3241596101889, -106.54090246821748, 1.9189182180122402
-68.00940184121689, -106.15113320579997, 1.92142324906102
-67.6924282268, -105.76229517231806, 1.9237423697610754
-67.37347860523194, -105.3742285509278, 1.9258642250709388
-67.05283435442834, -104.98676282052125, 1.9277798909540622
-66.73081079612035, -104.5997201968955, 1.929482864896452
-66.4077489132795, -104.21291913602825, 1.9309690171497729
-66.08400660459739, -103.82617784486867, 1.932236505274547
-65.75994970801855, -103.43931774193577, 1.9332856551593474
-65.43594302675262, -103.05216681278796, 1.9341188122139576
-65.11234158502249, -102.66456280475226, 1.934740166870546
-64.78948233060973, -102.2763562075442, 1.9351555588721507
-64.4676764829265, -101.88741297065154, 1.9353722650790162
-64.14720270452494, -101.49761691152908, 1.935398775679242
-63.82830124649372, -101.10687177316007, 1.9352445637512092
-63.51116918939685, -100.71510289695789, 1.9349198530932497
-63.19595686897215, -100.32225848154775, 1.9344353891145716
-62.8827655422859, -99.92831040633479, 1.933802217375367
-62.57164631585238, -99.53325460598268, 1.9330314740793442
-62.26260032419144, -99.13711098925361, 1.932134192465857
-61.95558011448734, -98.73992290479151, 1.931121128629297
-61.650492163379674, -98.34175616328446, 1.9300026098192888
-61.347200425654925, -97.94269763492801, 1.928788407755824
-61.04553078975947, -97.54285344727919, 1.9274876389384914
-60.7452762979318, -97.14234681729013, 1.9261086933484601
-60.446202972537144, -96.74131555714891, 1.9246591923459035
-60.14805608153299, -96.33990930058613, 1.9231459759641827
-59.85056667059757, -95.93828650051671, 1.921575119205227
-59.55345818903599, -95.536611254095, 1.9199519763577315
-59.25645304193765, -95.13505001489534, 1.9182812518001922
-58.9592789096874, -94.73376825299758, 1.9165670952231413
-58.66167468802954, -94.33292712667357, 1.9148132187172175
-58.36339591887963, -93.93268022770349, 1.913023032733342
-58.06421960092997, -93.53317046287148, 1.9111997975349007
-57.76394828958444, -93.13452713081139, 1.9093467864352431
-57.46241341934979, -92.73686325018406, 1.9074674568519572
-57.15947780413562, -92.34027319160674, 1.9055656250163042
-56.8550372950299, -91.94483065899192, 1.9036456400549877
-56.549021597491404, -91.55058706076142, 1.9017125531141157
-56.24139427219655, -91.1575703043425, 1.8997722772229806
-55.93215196261595, -90.76578403838141, 1.897831733698089
-55.62132291101134, -90.37520736123865, 1.8958989810648397
-55.3089648390204, -89.98579500318905, 1.8939833227232978
-54.99516228107196, -89.59747798317585, 1.8920953899027002
-54.68002346823051, -89.2101647313982, 1.8902471968325438
-54.36367686511791, -88.82374265983033, 1.88845216550142
-54.04626746579738, -88.4380801552862, 1.8867251178721938
-53.72795295356405, -88.05302896300046, 1.8850822339668167
-53.408899825804134, -87.66842691690141, 1.8835409748184386
-53.08927957958521, -87.28410097345628, 1.8821199699040279
-52.769265044470025, -86.89987049295591, 1.8808388693084397
-52.44902693901282, -86.51555071222573, 1.879718161521084
-52.12873071541442, -86.1309563485011, 1.8787789584189807
-51.80853374309082, -85.74590526839668, 1.8780427496346266
-51.48858287001291, -85.36022215992128, 1.8775311291331382
-51.16901238469093, -84.97374214055833, 1.8772654974199492
-50.84994238988389, -84.58631423771868, 1.8772667433573904
-50.531477585635486, -84.19780467978357, 1.8775549100755822
-50.213706447581686, -83.80809993930708, 1.8781488499104007
-49.896700776261994, -83.41710947326548, 1.879065873679745
-49.58051558413547, -83.02476811276419, 1.8803213999105746
-49.265189280086474, -82.63103805742787, 1.8819286098458339
-48.950744106683295, -82.23591044025008, 1.8838981141862123
-48.63718678114637, -81.83940643370836, 1.8862376375517593
-48.3245092911168, -81.44157787574983, 1.8889517265791287
-48.01268979592442, -81.04250740567979, 1.8920414873997065
-47.701693587114384, -80.6423081033445, 1.8955043579717066
-47.39147406532051, -80.24112263894241, 1.8993339203668547
-47.08197369604654, -79.83912194422581, 1.9035197576426648
-46.77312491352324, -79.43650342708568, 1.9080473593693634
-46.46485094726591, -79.03348875878483, 1.9128980792329533
-46.15706655546607, -78.63032126634742, 1.9180491474109955
-45.84967865511479, -78.22726297566884, 1.9234737396254529
-45.5425868471282, -77.8245913497752, 1.9291411039287958
-45.23568384118245, -77.42259577437021, 1.9350167453884057
-44.9288557924472, -77.02157384755098, 1.9410626679140293
-44.62198256610039, -76.62182752966642, 1.9472376715386805
-44.31493795244679, -76.22365921458191, 1.9534977025305362
-44.00758985648806, -75.82736778197757, 1.9597962527981925
-43.69980048986307, -75.43324469010948, 1.966084804170407
-43.39142659324368, -75.04157016816183, 1.9723133123002985
-43.0823197169055, -74.65260956333637, 1.9784307241786805
-42.77232658597852, -74.26660989621587, 1.984385522556681
-42.46128957450905, -73.88379667224223, 1.9901262899881276
-42.14904730864383, -73.50437099393585, 1.995602284719833
-41.83543541474085, -73.12850701207397, 2.000764020294069
-41.52028742386475, -72.75634974871859, 2.0055638404912117
-41.20343583802023, -72.38801331839211, 2.0099564811389357
-40.88471335769548, -72.0235795683774, 2.013899610352226
-40.56395426538366, -71.66309715046107, 2.0173543389482216
-40.24099595235718, -71.30658103255774, 2.020285693101463
-39.9156805722265, -70.95401244969966, 2.0226630417656746
-39.58785679856376, -70.6053392893661, 2.0244604719825205
-39.25738166000917, -70.26047689918538, 2.0256571059180333
-38.92412242220075, -69.91930930024483, 2.0262373543031273
-38.587958482745805, -69.58169078341156, 2.0261911018934216
-38.2487832442974, -69.24744786165785, 2.0255138215904465
-37.90650592736107, -68.91638154809908, 2.0242066149648505
-37.561053286466965, -68.58826992538262, 2.022276178073971
-37.21237119211152, -68.26287096829837, 2.0197346926517
-36.860426042405024, -67.93992558169663, 2.0165996439474267
-36.505205971144605, -67.61916081209071, 2.01289356768192
-36.14672182031174, -67.30029319067877, 2.0086437297501183
-35.78500784991853, -66.98303216620805, 2.0038817434128546
-35.42012216054969, -66.66708358436753, 1.998643129761265
-35.05214680940796, -66.35215317216452, 1.992966828189474
-34.68118760406614, -66.03794998764221, 1.986894664455341
-34.307373564180075, -65.72418979194693, 1.980470784629102
-33.93085604594078, -65.41059830946963, 1.9737410638117647
-33.55180752893954, -65.09691433761384, 1.9667524989371343
-33.17042007102849, -64.78289267259277, 1.9595525952443298
-32.78690344130738, -64.46830681977413, 1.9521887561152609
-32.40148294708005, -64.15295145896039, 1.944707685910418
-32.01439697521624, -63.836644637607534, 1.9371548152062892
-31.62589427342811, -63.51922966817309, 1.9295737574415344
-31.236231001751612, -63.20057670750888, 1.9220058054227844
-30.84566758912063, -62.88058400021903, 1.9144894754334736
-30.454465433821838, -62.55917876916934, 1.9070601058423042
-30.06288349110605, -62.23631774080792, 1.8997495161363938
-29.67117479473753, -61.911987294701824, 1.8925857312246872
-29.27958296226305, -61.58620323057015, 1.8855927746889931
-28.888338737553212, -61.25901014872121, 1.878790533423912
-28.497656625612997, -60.930480443454385, 1.8721946948251884
-28.107731677218446, -60.60071291205978, 1.8658167563820536
-27.71873648186164, -60.26983098647107, 1.859664106226737
-27.330818428193112, -59.93798059685014, 1.8537401719176365
-26.944097290655172, -59.6053276824137, 1.8480446335053524
-26.55866319997798, -59.27205536652502, 1.842573695775905
-26.17457505293836, -58.93836081981042, 1.8373204135048014
-25.79185941360565, -58.60445183694041, 1.8322750626093711
-25.41050995396995, -58.27054315909507, 1.8274255492731646
-25.0304874761037, -57.936852577372726, 1.8227578484510694
-24.651720551870156, -57.60359685738291, 1.818256462660286
-24.274106807570647, -57.27098752928014, 1.8139048916307057
-23.897514872600738, -56.93922659167936, 1.8096861032355398
-23.521787000798952, -56.60850218173157, 1.80558299615309
-23.146742362067897, -56.278984267057425, 1.8015788449235808
-22.772180990317977, -55.95082041793553, 1.7976577184578668
-22.397888361010757, -55.62413172083419, 1.7938048636210204
-22.02364055889346, -55.29900889609964, 1.7900070462433264
-21.64920998334722, -54.97550868253411, 1.786252842790982
-21.274371525883623, -54.65365055310547, 1.7825328769426787
-20.898909141641624, -54.33341382363299, 1.7788399964474921
-20.522622725014728, -54.014735214888276, 1.775169386862895
-20.14533518855113, -53.69750692551537, 1.7715186200661561
-19.766899634919184, -53.38157526842984, 1.7678876367731233
-19.387206503543027, -53.06673991866284, 1.7642786636596333
-19.006190567974755, -52.752753813119234, 1.7606960670360612
-18.623837655787085, -52.4393237362505, 1.7571461463483122
-18.24019096178671, -52.12611161611793, 1.7536368720426236
-17.855356826063527, -51.81273654611855, 1.7501775735117335
-17.469509852528844, -51.49877753729828, 1.7467785839123455
-17.08289724974547, -51.1837769950238, 1.7434508495864836
-16.69584228528562, -50.867244902191906, 1.7402055126126892
-16.308746756457566, -50.54866367927559, 1.7370534756401705
-15.92209239456568, -50.227493679618405, 1.7340049586063147
-15.536441136220503, -49.903179266020395, 1.7310690571950775
-15.152434213865064, -49.57515540365766, 1.728253312954085
-14.770790037418678, -49.242854692740885, 1.725563304849022
-14.392300860397512, -48.9057147542754, 1.7230022716962368
-14.017828245850495, -48.56318587308789, 1.7205707743835936
-13.64829736968096, -48.21473879399343, 1.7182664060744859
-13.28469022114686, -47.85987256067216, 1.7160835577034188
-12.928037781771778, -47.498122281617256, 1.714013245030019
-12.5794112840629, -47.12906670439571, 1.7120430023413573
-12.239912670091229, -46.75233547833231, 1.710156846602582
-11.910664386469335, -46.36761598618187, 1.7083353144780022
-11.592798666045553, -45.97465962867115, 1.706555573205918
-11.287446457928127, -45.57328745009431, 1.7047916048389866
-10.99572617510539, -45.163395000755074, 1.7030144618870844
-10.718732433696005, -44.74495634080864, 1.701192590950952
-10.457524958663782, -44.318027101106566, 1.6992922195416529
-10.213117828535204, -43.88274652926093, 1.6972777999713624
-9.986469225437617, -43.439338463896554, 1.695112503001958
-9.778471847496263, -42.98811119525534, 1.6927587528740637
-9.589944128105117, -42.529456187789606, 1.6901787944327036
-9.42162239082866, -42.063845657420174, 1.6873352823355274
-9.274154051244778, -41.59182901515518, 1.6841918817912531
-9.148091956488955, -41.114028206555005, 1.6807138699411954
-9.04388993175344, -40.63113199528024, 1.6768687268731033
-8.961899580326644, -40.14388925680274, 1.6726267053473374
-8.902368360108795, -39.65310136540889, 1.6679613686196644
-8.865438936350927, -39.1596137736055, 1.6628500862571538
-8.851149787259175, -38.66430689768751, 1.6572744785542828
-8.859437017283781, -38.16808643596149, 1.6512208010516185
-8.890137312560327, -37.67187325687151, 1.6446802617218346
-8.942991954394529, -37.17659300322401, 1.6376492645965126
-9.017651790606308, -36.68316556442615, 1.6301295749381766
-9.113683051095109, -36.19249457271238, 1.6221284024889828
-9.230573883404233, -35.705457079990765, 1.613658400822152
-9.367741476368437, -35.22289357084999, 1.604737582354871
-9.524539635784677, -34.74559846167993, 1.5953891501217048
-9.700266674443256, -34.27431123055886, 1.585641248925126
-9.894173480947003, -33.80970831114851, 1.5755266399446728
-10.105471636082399, -33.352395873334714, 1.565082304269856
-10.333341453086447, -32.90290359844296, 1.5543489820973533
-10.576939827625793, -32.46167954118444, 1.5433706554756463
-10.835407795011236, -32.029086152587546, 1.5321939834684482
-11.107877705519257, -31.605397519224326, 1.5208676994234624
-11.393479943146403, -31.19079785428181, 1.5094419806604822
-11.691349128270616, -30.785381254926662, 1.4979678013216484
-12.000629760556563, -30.389152720166386, 1.4864962793500294
-12.320481273476346, -30.002030402083683, 1.4750780285779674
-12.65008248713957, -29.623849043704197, 1.46376252671556
-12.988635460055917, -29.254364536870554, 1.4525975096379224
-13.335368753100724, -28.8932595160934, 1.4416284017872933
-13.689540130527533, -28.54014988695915, 1.430897791746164
-14.05043873217872, -28.194592174053994, 1.4204449611171857
-14.417386758886636, -27.856091559885968, 1.4103054737847027
-14.789740718470327, -27.524110476733334, 1.4005108314536956
-15.166892283576374, -27.198077605267272, 1.3910882000892972
-15.548268813914746, -26.87739712918131, 1.3820602105397854
-15.933333595384795, -26.56145809213959, 1.373444835245162
-16.32158584625884, -26.249643704385633, 1.3652553415393025
-16.712560537016017, -25.941340448833508, 1.357500320673455
-17.105828065430075, -25.635946842956656, 1.3501837903490135
-17.50099382249408, -25.332881719864915, 1.3433053672730155
-17.897697677835538, -25.031591903920088, 1.336860505064244
-18.29561340613681, -24.731559167498105, 1.3308407917622058
-18.694448068769134, -24.432306370782015, 1.325234300244234
-19.093941357331218, -24.13340270230389, 1.320025984053157
-19.493864899422576, -23.834467954975594, 1.315198110491892
-19.894021520536214, -23.53517579082319, 1.3107307223610112
-20.294244451206538, -23.23525596584097, 1.306602119406486
-20.694396464167014, -22.934495506045344, 1.3027893504095638
-21.094368923854745, -22.63273884355833, 1.2992687068876982
-21.494080728942876, -22.329886940794445, 1.2960162095800194
-21.89347712868596, -22.025895447456072, 1.293008079255049
-22.292528395081362, -21.720771951789658, 1.2902211838915114
-22.69122833559595, -21.41457240229287, 1.2876334549316366
-23.089592634780516, -21.10739678913, 1.2852242660745423
-23.48765701819825, -20.79938418617371, 1.2829747689474993
-23.885475237468654, -20.490707263347716, 1.280868180945727
-24.283116881728418, -20.181566386436103, 1.2788900215466792
-24.68066502735776, -19.872183426074102, 1.2770282944614357
-25.07821374457238, -19.562795399982946, 1.2752736140625915
-25.475865486260624, -19.253648072891714, 1.2736192756039157
-25.87372839053654, -18.944989635891183, 1.2720612698015292
-26.271913534253798, -18.637064583039127, 1.2705982433599625
-26.67053217935863, -18.33010789608096, 1.2692314079810811
-27.069693057851325, -18.02433964004028, 1.2679644012729818
-27.469499743401137, -17.71996006186602, 1.2668031037650251
-27.870048159102872, -17.417145272968668, 1.265755416921724
-28.271424270394583, -17.11604358326303, 1.2648310076221942
-28.673702010570054, -16.816772540391625, 1.2640410250255756
-29.07694148315796, -16.51941671321834, 1.2633977960711675
-29.48118748085394, -16.22402624332173, 1.262914506062356
-29.88646835495347, -15.930616173175366, 1.2626048708556445
-30.2927952621125, -15.639166544328866, 1.262482807122626
-30.70016180742698, -15.349623244319297, 1.262562106978141
-31.10854409401169, -15.061899566961316, 1.2628561229790325
-31.517901179967026, -14.775878437525598, 1.263377469103582
-31.928175934130017, -14.4914152423665, 1.2641377428323755
-32.339296272312005, -14.208341192020264, 1.2651472728790805
-32.75117674650657, -13.926467137694878, 1.2664148964775297
-33.16372045054877, -13.645587753661282, 1.2679477694338546
-33.576821197778834, -13.365485992525414, 1.2697512114139116
-33.9903659190061, -13.085937716561276, 1.2718285881721245
-34.404237223316116, -12.806716406434397, 1.2741812316532801
-34.81831605956101, -12.52759784874609, 1.2768083981288445
-35.232484413484144, -12.248364705662219, 1.2797072637784896
-35.64662797391294, -11.968810873689591, 1.2828729564095889
-36.060638701747074, -11.688745544091915, 1.2862986213352654
-36.47441723739862, -11.40799688439165, 1.2899755188168838
-36.88787508583558, -11.12641526897913, 1.2938931499299942
-37.30093652364574, -10.843875996514882, 1.2980394072425274
-37.71354017900998, -10.560281442642513, 1.3024007463077591
-38.125640243408604, -10.275562608192665, 1.3069623736777587
-38.53720728290068, -9.989680035424229, 1.3117084469394942
-38.94822862662561, -9.702624077541238, 1.3166222821674902
-39.35870832072182, -9.414414519661157, 1.3216865641741646
-39.76866664673139, -9.125099562327115, 1.326883555020125
-40.178139214515035, -8.834754191137208, 1.3321952964186186
-40.58717565057571, -8.54347796832819, 1.3376038019261112
-40.99583791294341, -8.251392293295055, 1.3430912351483217
-41.4041982735714, -7.958637189731498, 1.3486400706002364
-41.81233701775524, -7.6653676862074605, 1.3542332343307772
-42.22033991775806, -7.37174986528877, 1.3598542219479002
-42.6282955439002, -7.077956662895154, 1.3654871922471583
-43.036292481148934, -6.784163504894089, 1.3711170352446493
-43.44441652215887, -6.490543871460851, 1.376729414031799
-43.852747909167775, -6.197264881800301, 1.3823107804924062
-44.26135869667989, -5.904482992007345, 1.3878483655394267
-44.670310304684136, -5.612339897500334, 1.3933301451280373
-45.07965132844605, -5.320958728408527, 1.3987447838707683
-45.48941566536154, -5.030440621606452, 1.404081558608719
-45.899621012550355, -4.7408617468341205, 1.409330264769624
-46.31026778067637, -4.452270856842219, 1.4144811087592717
-46.72133846017383, -4.1646874225145325, 1.4195245899790805
-47.132797465902314, -3.8781004037945834, 1.4244513763323257
-47.54459147539809, -3.592467696417309, 1.42925217726877
-47.95665026474998, -3.307716282374443, 1.4339176185180227
-48.36888803465883, -3.023743099844644, 1.4384381226730514
-48.781205208096644, -2.7404166353995976, 1.4428037997058654
-49.19349067004862, -2.457579228422375, 1.4470043513280448
-49.60562440963512, -2.1750500647157764, 1.451028992851802
-50.01748051535546, -1.892628823738498, 1.4548663958665862
-50.42893046601274, -1.6100999316759683, 1.4585046546274716
-50.83984665243915, -1.3272373612129869, 1.4619312785618117
-51.25010605949669, -1.043809908375799, 1.465133212748535
-51.65959403337762, -0.7595868670879966, 1.468096887619865
-52.068208056325545, -0.4743440143622877, 1.4708082984892685
-52.475861449689276, -0.18786981174216066, 1.4732531148341654
-52.88248692644054, 0.10002827622196264, 1.4754168185701935
-53.288039916206955, 0.38951744983262415, 1.4772848698591086
-53.692501589073316, 0.6807333332028804, 1.4788428983084403
-54.09588150918918, 0.973773929878675, 1.4800769167617678
-54.49821985521441, 1.2686938786096107, 1.4809735542575633
-54.899589151696986, 1.565499110035475, 1.4815203041653875
-55.30009546360012, 1.864141999508604, 1.4817057830033482
-55.69987901520374, 2.1645171050919316, 1.481519995011923
-56.09911420400317, 2.466457571385419, 1.480954597217028
-56.4980089903843, 2.7697322703394605, 1.4800031594687137
-56.896803654142005, 3.0740437394079123, 1.4786614137986651
-57.29576891922218, 3.379026965399291, 1.4769274874054734
-57.69520345847525, 3.6842490497797797, 1.474802113655312
-58.09543080028243, 3.9892097773966384, 1.47228881567883
-58.49679566879228, 4.293343096973516, 1.4693940574524313
-58.899659798471134, 4.596019507279962, 1.4661273576709155
-59.30439727262096, 4.896549328945568, 1.4625013622439247
-59.71138944324831, 5.194186827770878, 1.4585318718736122
-60.121019496771545, 5.488135142093142, 1.4542378218863605
-60.53366673645773, 5.777551953996479, 1.4496412122858948
-60.94970065764372, 6.061555832439069, 1.444766986855882
-61.369474896232134, 6.339233165508716, 1.439642861052259
-61.793321134182406, 6.609645590118291, 1.4342990993730953
-62.221543048225485, 6.871837819019191, 1.428768243859486
-62.65441038901966, 7.124845759439054, 1.4230847963467141
-63.09215327828079, 7.367704812579433, 1.4172848580321797
-63.534956810402505, 7.599458240969341, 1.4114057308365078
-63.98295604321075, 7.819165489498047, 1.4054854858883807
-64.43623145900837, 8.025910347370825, 1.3995625052438496
-64.89480497321388, 8.218808840683153, 1.3936750036401693
-65.3586365622029, 8.397016750565115, 1.3878605376667352
-65.82762157572033, 8.559736657614494, 1.3821555101972374
-66.30158879140083, 8.706224422063045, 1.3765946782555716
-66.78029926054194, 8.835795017974633, 1.3712106726732145
-67.26344598422182, 8.947827651038054, 1.3660335379303197
-67.75065444890015, 9.041770101143285, 1.3610903004518446
-68.24148403803113, 9.117142243636607, 1.3564045733517196
-68.73543032484777, 9.173538716710155, 1.3519962051835492
-69.23192823766715, 9.210630716268383, 1.3478809796697042
-69.73035607586971, 9.22816691311489, 1.3440703726492098
-70.2300403407001, 9.225973502037462, 1.34057137161879
-70.73026133033694, 9.20395340484069, 1.3373863622539077
-71.23025943559563, 9.162084663481792, 1.3345130852035174
-71.72924205776351, 9.100418070662087, 1.3319446652717821
-72.22639105760531, 9.01907409698552, 1.3296697138527391
-72.72087063214687, 8.918239183464763, 1.327672504192044
-73.21183550441232, 8.798161476669904, 1.325933217737305
-73.6984393020165, 8.659146091029427, 1.3244282585297285
-74.17984299282783, 8.501549987687113, 1.3231306313102127
-74.65522323988458, 8.325776563762744, 1.322010377787798
-75.12378053433706, 8.132270046500437, 1.321035064372375
-75.58474696522664, 7.921509788417993, 1.3201703136305758
-76.0373934861465, 7.694004556219198, 1.319380370806138
-76.48103654440574, 7.450286904227838, 1.318628695974128
-76.91504394609626, 7.1909077172078355, 1.3178785717901194
-77.3388398418496, 6.916431001238536, 1.3170937163658938
-77.75190873212613, 6.627428993488849, 1.31623889056421
-78.15379840764417, 6.324477652406557, 1.3152804889650829
-78.54412176022251, 6.008152580230714, 1.31418710391924
-78.92255742167097, 5.679025418526976, 1.312930052471581
-79.28884921124023, 5.337660746260454, 1.3114838565049367
-79.64280439846911, 4.984613498506462, 1.3098266672146621
-79.98429081382015, 4.620426911707014, 1.3079406259658362
-80.31323286637083, 4.245630990365854, 1.3058121546916186
-80.62960655411806, 3.860741478701982, 1.303432170244417
-80.93343357786185, 3.466259310387585, 1.3007962184885018
-81.22477469342674, 3.0626704996685703, 1.2979045253981276
-81.50372245830508, 2.6504464289979097, 1.2947619639713397
-81.77039354770427, 2.2300444808774387, 1.2913779373565881
-82.02492082969506, 1.8019089548319016, 1.2877661801861533
-82.26744540047217, 1.3664722070075896, 1.283944481685273
-82.49810878674953, 0.9241559461876818, 1.2799343356471198
-82.71704552445163, 0.47537261853511836, 1.2757605238000724
-82.92437631872028, 0.020526813949530265, 1.2714506404153263
-83.12020198183733, -0.4399833719234607, 1.2670345671817205
-83.30459833154468, -0.9057650818710243, 1.2625439083854262
-83.47761221283059, -1.3764296054425245, 1.2580113972525409
-83.6392587827121, -1.8515915030990158, 1.253470284924096
-83.78952016910374, -2.3308679901634335, 1.2489537239210144
-83.92834558275729, -2.8138786167487737, 1.2444941581110562
-84.0556529263501, -3.3002452710814723, 1.2401227311055456
-84.17133190737401, -3.7895925227433054, 1.2358687246901923
-84.27524862266243, -4.281548313940846, 1.2317590383361865
-84.36725154348545, -4.7757449945737775, 1.227817720054456
-84.4471787917924, -5.271820688925374, 1.2240655578617679
-84.5148665607492, -5.769420969824729, 1.2205197399410004
-84.57015849960669, -6.268200807604046, 1.2171935902223165
-84.61291585137108, -6.767826752834523, 1.2140963846138346
-84.64302810671902, -7.267979302542649, 1.2112332514993946
-84.66042391660832, -7.768355394820709, 1.2086051584295927
-84.6650819914704, -8.268670969080247, 1.2062089851945987
-84.65704170754681, -8.768663527226813, 1.2040376817186917
-84.63641313925959, -9.268094626053042, 1.202080507492818
-84.60338624363236, -9.766752232480513, 1.2003233475981447
-84.55823893569976, -10.264452871363858, 1.1987490988048868
-84.50134381434174, -10.761043499292562, 1.1973381177890718
-84.43317332559043, -11.256403040900587, 1.1960687222253379
-84.35430318288893, -11.75044352815707, 1.1949177344129462
-84.26541390276805, -12.243110791943778, 1.1938610561980736
-84.16729035684226, -12.734384660553744, 1.192874263286627
-84.0608192874717, -13.224278630008094, 1.1919332066125667
-83.94698478229118, -13.712838980808883, 1.1910146082459507
-83.82686175236398, -14.200143325375855, 1.1900966393967487
-83.701607507584, -14.686298583960713, 1.1891594683935751
-83.57245156971359, -15.171438394614142, 1.188185767084486
-83.44068390824158, -15.65571997880128, 1.1871611649084028
-83.30764182376393, -16.139320491818232, 1.1860746409043912
-83.17469573911329, -16.622432901789523, 1.1849188451412327
-83.04323418623265, -17.105261448492705, 1.183690342436968
-82.91464829906795, -17.58801674574127, 1.182389772769248
-82.79031613606092, -18.070910598555187, 1.1810219244216742
-82.67158716162852, -18.554150614002197, 1.179595717635641
-82.55976721349782, -19.037934691657803, 1.1781240983071988
-82.45610427133228, -19.52244548399119, 1.1766238430487204
-82.36177532337909, -20.007844920230525, 1.1751152786905137
-82.2778746006002, -20.49426888945674, 1.1736219209932983
-82.20540341466096, -20.981822178267997, 1.172170038945555
-82.1452617955245, -21.470573756064574, 1.1707881524989752
-82.09824208033277, -21.96055249858312, 1.1695064729221525
-82.06502455626514, -22.45174343454059, 1.1683562961020189
-82.04617520880232, -22.944084592664417, 1.16736936007281
-82.04214557491838, -23.43746452014002, 1.1665771787860022
-82.05327464829477, -23.93172053131677, 1.1660103646387245
-82.0797927338952, -24.426637737157982, 1.1656979525439597
-82.1218271012244, -24.921948892273576, 1.1656667383497779
-82.17940924374287, -25.41733508359451, 1.1659406441976372
-82.25248351361284, -25.91242727411116, 1.1665401229571248
-82.34091687053751, -26.406808697133656, 1.167481613196332
-82.4445094600283, -26.90001808617395, 1.1687770552575898
-82.5630057206281, -27.391553710530857, 1.1704334779257168
-82.69610571226852, -27.8808781727018, 1.1724526639216064
-82.84347635986218, -28.367423912025906, 1.1748309010527667
-83.00476231469958, -28.850599345059166, 1.1775588243311095
-83.1795961552896, -29.329795564505197, 1.1806213527559979
-83.36760767356463, -29.8043935060142, 1.183997722787644
-83.56843202439228, -30.273771485038473, 1.187661618833446
-83.78171655487597, -30.737312998242288, 1.1915813993691267
-84.00712617122136, -31.19441467907879, 1.1957204156483432
-84.24434714791192, -31.644494291726595, 1.200037418348732
-84.49308933111138, -32.0869986479857, 1.204487045987364
-84.75308673701801, -32.521411328968604, 1.209020387540725
-85.0240965943277, -32.947260097439624, 1.2135856104472986
-85.30589692523648, -33.36412388784431, 1.2181286440756502
-85.59828280218439, -33.771639269233596, 1.2225939078252699
-85.90106145550592, -34.169506279452406, 1.2269250723055634
-86.2140464395116, -34.5574935414369, 1.2310658415208457
-86.5370510901785, -34.93544257985563, 1.234960743682736
-86.86988152623518, -35.30327126888969, 1.2385559181788157
-87.2123294566081, -35.66097635349456, 1.241799886346787
-87.56416505997498, -36.00863500139743, 1.2446442940318967
-87.92513019702159, -36.346405355498916, 1.2470446144336067
-88.29493220399172, -36.67452607265724, 1.248960800463618
-88.67323849560442, -36.993314848147776, 1.2503578767263048
-89.05967217884438, -37.30316594191435, 1.2512064622766732
-89.45380884731411, -37.60454673596824, 1.2514832164897074
-89.85517468777353, -37.89799336766315, 1.2511712016661514
-90.26324599069876, -38.18410549685675, 1.2502601573793242
-90.67745011232186, -38.46354027884176, 1.2487466830103635
-91.09716789243043, -38.73700562475237, 1.2466343263994681
-91.52173748640445, -39.005252844729085, 1.243933578032121
-91.95045952909088, -39.26906877538131, 1.240661771656156
-92.3826035063433, -39.529267503080675, 1.2368428936626492
-92.81741517485437, -39.786681798983885, 1.2325073049370912
-93.25412483955064, -40.04215438701256, 1.2276913801746003
-93.69195627200476, -40.29652916753899, 1.2224370708337058
-94.13013603450078, -40.5506425206567, 1.2167913989592203
-94.56790296251918, -40.80531481081786, 1.210805890020383
-95.0045175534095, -41.061342212123634, 1.2045359536730937
-95.4392710120222, -41.31948896738896, 1.1980402219548167
-95.8714937136187, -41.58048018798654, 1.1913798548512116
-96.30056286151405, -41.8449952924781, 1.1846178234313025
-96.72590913997935, -42.11366217172012, 1.177818180832916
-97.14702219146511, -42.38705215722884, 1.171045331295359
-97.5634547814807, -42.66567585591444, 1.1643633071878663
-97.97482555101335, -42.949979901369296, 1.157835063579385
-98.38082029675087, -43.24034465671959, 1.1515217993493392
-98.78119176105155, -43.537082889100425, 1.1454823131642686
-99.17575795480676, -43.840439420305685, 1.1397724018577349
-99.56439907757405, -44.15059174257674, 1.1344443078685098
-99.94705313782076, -44.46765157281743, 1.12954622143381
-100.32371041194179, -44.79166730360869, 1.125121842220395
-100.69440691151092, -45.122627295211714, 1.1212100040270145
-101.05921705542623, -45.460463938548365, 1.117844365127569
-101.41824576321999, -45.80505840768808, 1.1150531657655622
-101.7716202010489, -46.15624600826877, 1.112859053276175
-102.1194814189252, -46.513822019404856, 1.111278974320783
-102.46197611925973, -46.87754791897899, 1.110324132786459
-102.79924879057118, -47.24715787478428, 1.110000011044632
-103.1314344285971, -47.622365382372614, 1.1103064514911274
-103.45865204784585, -48.002869925414345, 1.1112377946145051
-103.78099916389543, -48.388363537678885, 1.1127830692685348
-104.09854739728716, -48.77853714534705, 1.1149262303628678
-104.41133931777529, -49.173086574128874, 1.1176464388359175
-104.71938661238404, -49.571718112149476, 1.1209183785353762
-105.02266962282327, -49.9741535268764, 1.1247126045019982
-105.3211382600628, -50.38013444639164, 1.1289959171262178
-105.61471426553102, -50.78942602535911, 1.1337317567175695
-105.90329475133981, -51.20181983108907, 1.1388806131847686
-106.18675691760984, -51.617135899481326, 1.144400445758939
-106.46496381341004, -52.03522392576581, 1.1502471079920913
-106.73777097999377, -52.45596357306704, 1.156374773614731
-107.00503379245153, -52.879263897234004, 1.162736359227347
-107.26661529779972, -53.30506190590492, 1.1692839402170816
-107.52239433596318, -53.73332028416228, 1.175969156720268
-107.77227372275101, -54.16402433861371, 1.1827436068812578
-108.0161882748821, -54.597178226628934, 1.1895592250768225
-108.25411246106772, -55.03280055112651, 1.1963686431732008
-108.48606747455423, -55.470919417521756, 1.2031255332511015
-108.71212753920781, -55.911567058627554, 1.209784930565759
-108.93242528021742, -56.35477414516878, 1.2163035357994958
-109.14715601641, -56.80056390600875, 1.222639995910152
-109.35658085822246, -57.24894618838841, 1.2287551630789926
-109.5610285257205, -57.6999115917035, 1.2346123314171173
-109.76089583239906, -58.15342580682347, 1.2401774512025323
-109.9566468134887, -58.60942429354544, 1.245419320494912
-110.14881050948767, -59.06780742090286, 1.250309754017379
-110.33797744595547, -59.52843618927507, 1.2548237292108122
-110.52479488226602, -59.99112864242454, 1.258939509363799
-110.70996092651511, -60.45565706482009, 1.262638743708309
-110.89421763949511, -60.92174604471458, 1.2659065443554984
-111.07834327009216, -61.3890714686203, 1.2687315399357462
-111.26314378142278, -61.857260490222686, 1.2711059058093848
-111.4494438383629, -62.325892503179844, 1.2730253707362722
-111.6380774360982, -62.794501120700055, 1.2744891999387387
-111.82987835088456, -63.26257714787514, 1.27550015456777
-112.02567059501297, -63.729572509770655, 1.2760644276891582
-112.22625905181064, -64.1949050774922, 1.2761915570457811
-112.43242045770334, -64.65796431464088, 1.2758943150234412
-112.64489488613842, -65.1181176483714, 1.2751885764484734
-112.86437787394446, -65.57471745006983, 1.2740931650715113
-113.09151331050623, -66.02710849801794, 1.2726296798378822
-113.32688719387204, -66.47463577909221, 1.270822302304175
-113.57102233482146, -66.91665247884416, 1.2686975868246568
-113.82437406912733, -67.35252800040655, 1.2662842353915498
-114.08732701691562, -67.78165584988531, 1.2636128592605325
-114.3601929070046, -68.20346122507195, 1.2607157297176728
-114.643209462158, -68.61740814761042, 1.2576265205371921
-114.93654032480626, -69.02300598546931, 1.2543800448322535
-115.24027598247373, -69.41981522184616, 1.2510119891056837
-115.55443563870111, -69.8074523415852, 1.2475586473575608
-115.87896996079027, -70.18559371975093, 1.244056658097004
-116.21376462510337, -70.55397842155188, 1.2405427470329176
-116.55864457093656, -70.91240983699176, 1.237053478081688
-116.91337886862178, -71.26075610580367, 1.233625015129502
-117.27768610210259, -71.59894930707671, 1.2302928967260867
-117.65124016466976, -71.92698341828797, 1.2270918255701078
-118.03367636523986, -72.24491107478352, 1.22405547428133
-118.4245977456917, -72.5528391860533, 1.2212163085497438
-118.82358150982435, -72.85092349471041, 1.2186054283177774
-119.23018547134969, -73.13936218635496, 1.2162524272003015
-119.64395443131356, -73.4183886837621, 1.2141852698913425
-120.06442640147309, -73.68826377882218, 1.2124301868598029
-120.49113859781042, -73.94926727357122, 1.2110115852128598
-120.92363313206148, -74.20168931821125, 1.2099519742186908
-121.36146233929597, -74.44582164172131, 1.209271903642748
-121.80419368322305, -74.6819488809439, 1.2089899127759074
-122.2514141906181, -74.91034021406361, 1.2091224878289446
-122.70273437027154, -75.13124150277712, 1.2096840252445293
-123.15779158077626, -75.34486814195861, 1.2106867984418603
-123.61625281686813, -75.55139880379869, 1.2121409255641364
-124.07781689044423, -75.75097024516252, 1.2140543359467943
-124.54221598968977, -75.9436733333846, 1.216432733263471
-125.00921660639371, -76.12955041444819, 1.2192795536328738
-125.47861982702031, -76.30859412640643, 1.2225959173762617
-125.95026099245639, -76.48074772758724, 1.2263805735925242
-126.42400873574809, -76.64590697850926, 1.230629837253903
-126.89976341762636, -76.80392358149416, 1.2353375191060918
-127.3774549848695, -76.95461014776697, 1.2404948492657102
-127.85704028648982, -77.09774662683004, 1.2460903960286325
-128.3384998892423, -77.23308809787852, 1.2521099820158537
-128.82183444340592, -77.36037379008549, 1.2585366003706828
-129.30706065707352, -77.47933716863473, 1.2653503342631174
-129.79420694514818, -77.5897168931601, 1.2725282834359881
-130.2833088264999, -77.69126843286786, 1.2800445019256101
-130.77440414869955, -77.7837761002144, 1.2878699513915328
-131.26752822673586, -77.86706525020199, 1.2959724746819143
-131.76270898372002, -77.94101438167064, 1.3043167943318807
-132.2599621876767, -78.00556687058965, 1.3128645406335673
-132.75928687730672, -78.06074206721725, 1.3215743137232077
-133.26066106927922, -78.10664549392348, 1.3304017838006106
-133.76403783872632, -78.14347789338515, 1.3392998331313795
-134.26934185723803, -78.17154289305839, 1.348218742887175
-134.77646646781466, -78.19125307643915, 1.3571064271628948
-135.28527136668174, -78.20313427840571, 1.3659087156836696
-135.79558095087026, -78.20782795377204, 1.3745696857940655
-136.30718337717434, -78.20609150587754, 1.383032043324649
-136.81983036498897, -78.19879649942834, 1.3912375508774488
-137.33323775880257, -78.18692472495582, 1.399127500983956
-137.84708684909123, -78.17156212369781, 1.4066432304910852
-138.3610264348469, -78.15389062701816, 1.4137266714465322
-138.8746755907246, -78.13517800598376, 1.4203209327104775
-139.38762708823526, -78.11676587010757, 1.4263709055404052
-139.89945140046348, -78.10005599301957, 1.4318238855042589
-140.40970120796004, -78.08649518020711, 1.4366302022968929
-140.91791630777996, -78.0775589262916, 1.4407438483869035
-141.4236288185817, -78.07473413791269, 1.4441230969238616
-141.92636856420185, -78.07950122072563, 1.4467310990054951
-142.42566851440768, -78.09331584652138, 1.4485364502528892
-142.9210701571705, -78.11759072675399, 1.4495137166782215
-143.4121286790302, -78.15367772373051, 1.4496439100589371
-143.8984178330131, -78.20285062703165, 1.4489149034557924
-144.37953438119925, -78.26628891498048, 1.4473217781268206
-144.85510200983956, -78.3450628037008, 1.4448670938880828
-145.3247746274542, -78.44011986541321, 1.441561075944134
-145.78823897278193, -78.55227346834573, 1.437421712341776
-146.24521647731115, -78.68219325847407, 1.4324747574717935
-146.69546434655985, -78.83039786398699, 1.426753638433633
-147.13877584523843, -78.99724996229828, 1.4202992625634667
-147.5749797924639, -79.18295380353565, 1.4131597259803954
-148.00393929474836, -79.38755523778387, 1.4053899246008097
-148.4255497638972, -79.61094424459048, 1.3970510706777954
-148.83973628702114, -79.85285991464976, 1.3882101195112289
-149.24645043202477, -80.11289778637295, 1.3789391125149253
-149.64566658684785, -80.39051939331652, 1.369314444290702
-150.03737794216548, -80.68506383644868, 1.3594160627172325
-150.42159223548293, -80.99576115534327, 1.3493266122879062
-150.79832737903922, -81.32174723781164, 1.339130532002211
-151.1676070953335, -81.66207997849622, 1.328913120008191
-151.52945668020465, -82.01575637248365, 1.3187595778909083
-151.88389900781962, -82.38173021474083, 1.308754047988963
-152.23095088081217, -82.75893006360725, 1.29897865738706
-152.57061981616314, -83.14627712533392, 1.2895125822705829
-152.90290134062886, -83.5427027191229, 1.2804311461355573
-153.22777685158707, -83.94716499316559, 1.2718049649259937
-153.54521207873165, -84.35866458027027, 1.2636991515263234
-153.85515616112028, -84.7762589033613, 1.256172591179638
-154.15754133248652, -85.19907487396391, 1.2492772983469436
-154.45228318691596, -85.62631975775776, 1.2430578642863597
-154.73928147681352, -86.05729002326154, 1.2375510032356032
-155.01842137717455, -86.49137803164915, 1.2327852035503406
-155.2895751342368, -86.9280764696588, 1.228780488512059
-155.55260400416114, -87.36698047702548, 1.2255482898007668
-155.80736037772573, -87.80778746588427, 1.2230914348606352
-156.0536899817458, -88.25029467796834, 1.2214042476018243
-156.29143404636955, -88.69439457071454, 1.220472760110984
-156.5204313299074, -89.14006816884094, 1.2202750313175266
-156.7405198998571, -89.58737655696193, 1.2207815669133597
-156.95153857884196, -90.03645072664148, 1.221955833279264
-157.15332797914, -90.48748002349505, 1.2237548567585457
-157.34573106593032, -90.94069946462037, 1.226129898362469
-157.52859321032048, -91.39637622070599, 1.2290271929136751
-157.7017617143302, -91.85479556742858, 1.2323887407513696
-157.86508481372113, -92.31624662236007, 1.2361531394498015
-158.01841018797705, -92.78100818222396, 1.2402564425496014
-158.16158303025398, -93.24933497056094, 1.244633032076033
-158.29444375192128, -93.72144459462623, 1.2492164916207162
-158.4168254170906, -94.1975054915616, 1.2539404669913974
-158.5285510196503, -94.67762611958909, 1.2587395018808345
-158.62943072936304, -95.16184562289159, 1.2635498366601017
-158.7192592446172, -95.65012616319464, 1.268310159248513
-158.79781339406173, -96.14234707542286, 1.2729622980338675
-158.86485013156687, -96.63830096454649, 1.2774518479911898
-158.92010506439854, -97.13769181757311, 1.2817287224516347
-158.96329164587019, -97.64013516290214, 1.2857476243794037
-158.99410115024153, -98.14516026470666, 1.2894684324956276
-159.01220352918426, -98.65221429803317, 1.2928564991153761
-159.0172492268156, -99.16066840778066, 1.2958828581079802
-159.00887200453138, -99.66982551818771, 1.298524342922738
-158.98669279764178, -100.17892972179956, 1.3007636161135574
-158.95032459514866, -100.68717704681356, 1.302589113220301
-158.89937830171698, -101.19372737394093, 1.303994905196601
-158.83346950842912, -101.69771725240726, 1.3049804847910729
-158.75222606688902, -102.19827334776062, 1.3055504833714944
-158.65529633149094, -102.6945262444121, 1.305714325612914
-158.5423579065821, -103.18562431941854, 1.3054858302377745
-158.413126711512, -103.6707474072333, 1.3048827655894015
-158.26736615640795, -104.14911997938208, 1.3039263692339444
-158.10489620684493, -104.62002357879884, 1.3026408410181054
-157.925602106244, -105.08280826327407, 1.3010528190626185
-157.7294425213562, -105.53690283679052, 1.2991908480497987
-157.51645687925372, -105.98182367469421, 1.2970848488765037
-157.28677167351432, -106.417181977371, 1.2947655983033428
-157.0406055326759, -106.84268932380192, 1.2922642266516773
-156.77827286588865, -107.25816142835671, 1.2896117408988936
-156.50018592756817, -107.66352004497509, 1.286838579718455
-156.20685517532326, -108.0587929989386, 1.2839742061247728
-155.89888783162533, -108.44411236469257, 1.28104674243509
-155.57698459988086, -108.81971084535006, 1.278082651273153
-155.24193452779156, -109.18591644492267, 1.2751064653338768
-154.8946080545077, -109.54314555711812, 1.2721405676255582
-154.53594832259506, -109.89189462393017, 1.2692050229264151
-154.16696087869363, -110.23273054517094, 1.2663174602538554
-153.7887019281177, -110.56628004089283, 1.2634930052645759
-153.40226534726963, -110.89321818682524, 1.2607442606961463
-153.00876869147905, -111.21425635673259, 1.2580813322381836
-152.60933846535355, -111.53012981297633, 1.2555118965935024
-152.20509494616897, -111.8415851899893, 1.2530413079637333
-151.79713686737423, -112.14936811269288, 1.2506727387742147
-151.38652627946635, -112.45421118644596, 1.248407350141284
-150.9742739075952, -112.75682258151615, 1.2462444873805565
-150.561325320403, -113.05787542116116, 1.2441818957540924
-150.14854821153128, -113.35799816037175, 1.242215951652105
-149.7367210755564, -113.65776612058696, 1.2403419044935537
-149.3265235325299, -113.95769431825303, 1.2385541248004681
-148.91852852244193, -114.25823169606117, 1.2368463541427455
-148.51319655119755, -114.55975683626068, 1.235211952951823
-148.11087212604085, -114.8625752023867, 1.2336441425510336
-147.71178247037753, -115.16691792461614, 1.2321362381349592
-147.31603855772545, -115.47294211161817, 1.2306818698373805
-146.92363845196044, -115.7807326410159, 1.229275189445291
-146.53447288919395, -116.09030535131913, 1.2279110607335213
-146.14833298482407, -116.40161153035326, 1.2265852318003025
-145.7649199002978, -116.71454357122064, 1.2252944881692598
-145.3838562578716, -117.02894164490976, 1.2240367857799717
-145.00469905090594, -117.3446012203935, 1.2228113633109035
-144.62695376054165, -117.66128124958172, 1.2216188335604956
-144.2500893608521, -117.9787128235445, 1.2204612538513278
-143.87355387191587, -118.29660810090051, 1.219342175617224
-143.49679010592348, -118.6146693076642, 1.2182666734841479
-143.11925124527295, -118.93259761014852, 1.217241354264599
-142.74041589340658, -119.25010166921345, 1.2162743463552301
-142.3598022505128, -119.56690569532542, 1.215375270063117
-141.97698108431652, -119.88275683733579, 1.2145551893931925
-141.5915871938906, -120.19743175615844, 1.2138265458143036
-141.2033290981001, -120.51074225484665, 1.2132030744913656
-140.8119967217715, -120.82253985925595, 1.2126997034336993
-140.41746689884567, -121.13271926862669, 1.2123324359725536
-140.019706563774, -121.44122062156649, 1.212118216951601
-139.61877355685104, -121.74803054986785, 1.212074783000031
-139.21481502669866, -122.05318202005517, 1.212220497265395
-138.8080634713101, -122.35675298934908, 1.2125741690182472
-138.3988305164822, -122.65886392888474, 1.2131548586077416
-137.9874985867175, -122.95967429182039, 1.2139816683501166
-137.57451067625942, -123.25937802617912, 1.215073520072719
-137.16035847598917, -123.55819825326668, 1.2164489202156592
-136.74556915475424, -123.85638124950921, 1.218125713610603
-136.3306911291567, -124.15418988402769, 1.2201208273094253
-135.91627918400422, -124.4518966754304, 1.222450006120632
-135.50287932486904, -124.74977663830273, 1.2251275418234744
-135.09101375463067, -125.04810009376982, 1.228165998361849
-134.6811663666124, -125.34712561790408, 1.2315759356646172
-134.2737691379312, -125.64709329793527, 1.2353656350868922
-133.86918978817076, -125.94821845846631, 1.239540829808299
-133.46772104061185, -126.25068600845138, 1.2441044438486784
-133.069571786423, -126.55464554541415, 1.2490563436581712
-132.67486040763185, -126.86020733565945, 1.254393106495935
-132.28361046262194, -127.16743926938202, 1.2601078100188183
-131.89574888013763, -127.47636486714194, 1.2661898476474078
-131.51110674527803, -127.78696239031862, 1.2726247743519847
-131.12942269530984, -128.09916508307393, 1.2793941874958514
-130.75034887562256, -128.41286254741166, 1.2864756472804113
-130.37345933932565, -128.7279032269928, 1.2938426411487778
-129.99826070759983, -129.04409794988754, 1.3014645962178775
-129.62420484660754, -129.36122445568208, 1.309306943420094
-129.25070325869916, -129.6790328091335, 1.3173312365438075
-128.8771428354895, -129.9972515815089, 1.3254953287691418
-128.50290257731433, -130.31559466147706, 1.3337536086046373
-128.12737085009434, -130.63376854167376, 1.3420572963486852
-127.74996272751935, -130.9514799136689, 1.3503548013347444
-127.37013695387955, -131.26844339473234, 1.3585921392827391
-126.98741206276082, -131.58438920372612, 1.3667134080833985
-126.60138119805237, -131.89907060102485, 1.3746613193030337
-126.21172520696257, -132.21227090943177, 1.3823777816301854
-125.81822361020721, -132.52380993793508, 1.3898045314113738
-125.42076310014541, -132.8335496400751, 1.3968838043606955
-125.01934327446065, -133.14139885084242, 1.4035590414980275
-124.61407937784458, -133.44731696275744, 1.4097756213945234
-124.20520189736614, -133.75131642105964, 1.415481609903355
-123.79305293568618, -134.0534639396592, 1.420628517749496
-123.37807936947686, -134.35388036448256, 1.4251720556651868
-122.96082288485127, -134.65273913668827, 1.4290728762067502
-122.54190706682053, -134.95026333617596, 1.4322972909912053
-122.12202180204963, -135.24672131424228, 1.4348179518630424
-121.70190533246878, -135.5424209531685, 1.436614484455519
-121.282324368874, -135.8377026191029, 1.4376740627567985
-120.86405273660516, -136.1329309022708, 1.4379919136360126
-120.44784907803853, -136.42848526549656, 1.4375717408309923
-120.03443417730674, -136.72474974584324, 1.4364260586475102
-119.62446849964934, -137.02210187698728, 1.4345764265648937
-119.21853055061284, -137.32090101953412, 1.4320535770764928
-118.81709665786505, -137.6214763016994, 1.4288974304032935
-118.42052275999184, -137.92411438692972, 1.4251569911887638
-118.02902875358474, -138.22904729229754, 1.4208901238930283
-117.6426859006527, -138.53644048778173, 1.4161632053312223
-117.261407736021, -138.84638150602706, 1.4110506546182366
-116.88494483787059, -139.15886928931639, 1.405634342660986
-116.51288373776188, -139.47380449246282, 1.4000028852485995
-116.14465014884749, -139.79098094848405, 1.3942508256981447
-115.77951658727183, -140.11007848808302, 1.388477714884654
-115.4166143525658, -140.43065728480164, 1.3827870982856048
-115.05494972117987, -140.75215387452414, 1.377285421367839
-114.6934240969318, -141.0738789726006, 1.3720808662065416
-114.33085775474426, -141.39501718358818, 1.3672821336204442
-113.96601671263986, -141.71462866787073, 1.3629971863062713
-113.59764217505203, -142.03165279856555, 1.3593319694328692
-113.22448190959972, -142.34491380824272, 1.3563891258894984
-112.84532285232916, -142.65312839301393, 1.35426672385524
-112.45902418557881, -142.95491520776656, 1.353057014553781
-112.06455009895492, -143.2488061549518, 1.3528452379713665
-111.66100142826738, -143.53325933809546, 1.3537084939414703
-111.24764537315477, -143.80667352276805, 1.355714695339495
-110.82394251677641, -144.06740392136783, 1.358921619191204
-110.38957041707633, -144.3137790941331, 1.363376070291466
-109.94444310056248, -144.54411873964284, 1.3691131704724582
-109.48872587121897, -144.75675213006474, 1.3761557849740753
-109.02284494416503, -144.95003693560776, 1.384514095480348
-108.5474915251228, -145.122378172727, 1.3941853273236606
-108.06362007839488, -145.2722470073282, 1.4051536361571704
-107.57244065880577, -145.3981991446026, 1.4173901570907166
-107.07540531938719, -145.4988925413778, 1.4308532169147317
-106.57418874586284, -145.57310418585325, 1.4454887076397256
-106.0706634078469, -145.61974570326586, 1.461230617195492
-105.56686964992451, -145.63787756201924, 1.4780017108041632
-105.06498127188313, -145.62672167616864, 1.4957143543034879
-104.5672672622751, -145.58567222316208, 1.5142714685883591
-104.07605044964644, -145.5143045228462, 1.5335676023947868
-103.59366392044636, -145.41238185213874, 1.5534901089029576
-103.1224061165129, -145.27986010043952, 1.5739204101135669
-102.66449556987176, -145.11689020321373, 1.5947353316785604
-102.222026253765, -144.92381832308445, 1.6158084898641039
-101.79692452781481, -144.7011837812373, 1.6370117116053515
-101.39090863113474, -144.44971477466385, 1.6582164681900156
-101.00545162968281, -144.17032194511546, 1.6792953029862843
-100.64174865546767, -143.86408989775862, 1.7001232338106722
-100.3006891862512, -143.53226679386162, 1.720579111008222
-99.98283500648078, -143.17625216954482, 1.7405469130816726
-99.68840436737207, -142.79758315451323, 1.7599169627433067
-99.41726272832119, -142.39791928597143, 1.7785870475551022
-99.16892031570907, -141.9790261288668, 1.7964634308464114
-98.9425365844199, -141.5427579276124, 1.813461740328186
-98.73693151323967, -141.09103952365868, 1.8295077237294308
-98.55060351256887, -140.62584777918244, 1.8445378628333384
-98.38175357648318, -140.14919274903227, 1.8584998394542787
-98.2283151716714, -139.66309884143712, 1.8713528491370788
-98.087989229946, -139.1695862026914, 1.8830677606413704
-97.95828349955279, -138.67065255181265, 1.893627121560121
-97.83655541686939, -138.16825567938247, 1.9030250126769748
-97.72005758691245, -137.6642968098273, 1.9112667558572392
-97.60598490938719, -137.16060500834817, 1.9183684823586094
-97.49152235784044, -136.65892279456415, 1.9243565704087517
-97.37389241510202, -136.1608931023545, 1.9292669626985728
-97.25040118512152, -135.66804770294831, 1.9331443760559275
-97.11848224351571, -135.1817971841794, 1.9360414169717686
-96.97573735064009, -134.7034225530602, 1.9380176178294073
-96.81997323407663, -134.23406850619858, 1.9391384096216755
-96.64923374716774, -133.77473838490093, 1.939474047618552
-96.46182682495862, -133.3262908114302, 1.9390985068610007
-96.25634578641228, -132.8894379771496, 1.9380883645017208
-96.03168466655832, -132.46474553342028, 1.9365216858908678
-95.78704740325763, -132.0526340161452, 1.9344769309187502
-95.52195084557279, -131.65338171685715, 1.9320318964873597
-95.23622169086373, -131.2671288974435, 1.9292627101005089
-94.92998759254971, -130.8938832331516, 1.926242888455226
-94.60366280703289, -130.53352635672792, 1.9230424736045726
-94.25792886192433, -130.18582136893747, 1.9197272577675708
-93.89371082912169, -129.85042117436757, 1.916358106211279
-93.51214986854991, -129.52687749912354, 1.9129903858518276
-93.11457277473194, -129.21465044467726, 1.9096735053457223
-92.70245930359792, -128.91311843551915, 1.9064505705018122
-92.27740808238177, -128.62158841987235, 1.903358156870988
-91.84110191089499, -128.3393061902818, 1.9004261993980591
-91.39527324706934, -128.06546669690056, 1.8976779970816255
-90.94167063576292, -127.7992242355494, 1.8951303287155459
-90.48202678775368, -127.53970240338992, 1.8927936740110423
-90.01802894790657, -127.28600372521925, 1.8906725327509575
-89.55129211005415, -127.03721886602503, 1.8887658331343857
-89.08333554294087, -126.79243535754188, 1.8870674191549983
-88.61556299008156, -126.5507457788551, 1.885566605741066
-88.1492467998764, -126.31125534410502, 1.8842487894866795
-87.6855161320154, -126.07308886195824, 1.8830961021354855
-87.22534927742936, -125.83539704350916, 1.8820880935495707
-86.76957002284605, -125.59736214658494, 1.8812024307115505
-86.31884789111315, -125.35820295362709, 1.8804155993679246
-85.87370199662547, -125.11717909056594, 1.8797035952217787
-85.4345081746203, -124.87359470136121, 1.8790425921144676
-85.00150897438702, -124.62680150042027, 1.8784095753858279
-84.57482605207043, -124.37620123005203, 1.8777829295537896
-84.15447445871834, -124.12124755543897, 1.8771429705862794
-83.74037829569907, -123.8614474322823, 1.8764724143271039
-83.332387200131, -123.59636198456131, 1.8757567740562722
-82.93029313030048, -123.32560693121563, 1.8749846816851128
-82.53384694193758, -123.04885260025972, 1.8741481286769015
-82.1427742804509, -122.76582356818614, 1.8732426244130096
-81.75679036136403, -122.47629796117894, 1.8722672713608213
-81.37561326703937, -122.18010645193775, 1.8712247580112649
-80.99897545324256, -121.87713098420251, 1.8701212721099854
-80.62663322966951, -121.56730325292311, 1.8689663381778678
-80.25837405304894, -121.25060296624011, 1.8677725846768165
-79.89402154778125, -120.92705591082672, 1.8665554474010042
-79.53343824445187, -120.59673184022569, 1.8653328167412122
-79.1765260985559, -120.25974220227585, 1.8641246373626352
-78.82322491961752, -119.91623771904524, 1.8629524695409454
-78.47350890139609, -119.56640583113017, 1.8618390219078307
-78.12738149630997, -119.21046801560757, 1.8608076656601478
-77.78486891998492, -118.84867698619422, 1.8598819403851532
-77.44601260440196, -118.48131378351155, 1.859085061550902
-77.1108609392526, -118.10868476291036, 1.8584394394130062
-76.77946065129592, -117.7311184880029, 1.8579662186073365
-76.4518481700625, -117.34896253892916, 1.8576848470472933
-76.12804131657433, -116.96258024543255, 1.8576126819415606
-75.80803162926206, -116.5723473575238, 1.8577646398138143
-75.49177761014813, -116.17864866751887, 1.858152896362144
-75.17919913578929, -115.7818746004591, 1.858786640866824
-74.8701732310821, -115.38241779231709, 1.8596718886657033
-74.56453135471885, -114.98066967731833, 1.8608113539923423
-74.26205829087031, -114.57701710950656, 1.8622043842387543
-73.9624926871422, -114.17183904477028, 1.8638469554870758
-73.66552922389455, -113.76550331199175, 1.8657317279766716
-73.37082234750238, -113.35836350445953, 1.867848159057276
-73.07799145047673, -112.95075602248247, 1.870182670145212
-72.78662733693962, -112.54299730054166, 1.872718863266419
-72.49629977361474, -112.13538125044609, 1.875437781952339
-72.20656589450883, -111.72817695363324, 1.8783182105650802
-71.91697920452495, -111.32162663230298, 1.8813370055761622
-71.62709891100491, -110.91594392904108, 1.8844694519147962
