-40.8687386075617 -99.5058744014241 0
-35.2695068969624 -91.5935955881141 0
-29.0038499257644 -84.1215098355897 0
-22.7288686628453 -76.2255184133537 0
-15.7466354974313 -67.076417401433 0
-10.1780548912357 -60.4335439885035 0
-9.47167871956481 -59.1804168783128 0
-8.09972743445542 -58.3663535816595 0
-7.39332497655414 -57.1121166809462 0
-6.01118090958335 -55.8752827011049 0
-3.94304880930576 -54.2308616926894 0
-1.17962197063025 -51.7560614631511 0
2.27064984745812 -48.8748040716164 0
7.09286688792054 -45.1794796814211 0
11.2282341205282 -41.8906097305007 0
13.9925380710047 -39.4158261478879 0
16.0708544134395 -37.3486301298253 0
17.4530185111798 -36.1106828795746 0
18.8351554492838 -34.8738450501114 0
19.5313331948128 -34.043486062903 0
20.2275108073372 -33.2131270216778 0
20.237702884071 -32.7903566733003 0
20.9228026143392 -32.3827465777285 0
20.9329946584185 -31.9599762284197 0
20.9329946584185 -31.9599762284197 0
20.9432134531671 -31.5360962431878 0
20.9432134531671 -31.5360962431878 0
21.6291719691362 -31.1296170824207 0
21.6393907327438 -30.7057370967232 0
21.6495827448089 -30.282966746483 0
21.6598015098134 -29.8590867598541 0
21.6802122918889 -29.0124364234507 0
21.6904043083778 -28.5896660741419 0
21.7108150961576 -27.7430157316849 0
21.7312258861493 -26.8963653938845 0
21.7516366811469 -26.0497150546871 0
21.7720474797534 -25.2030647126958 0
21.1166923600249 -24.3401231723838 0
21.1371032338357 -23.4934728299268 0
20.4724151465343 -23.0544325727969 0
20.4928260942688 -22.2077822256833 0
19.8272792281932 -21.7676109233871 0
19.8374713624362 -21.344840567559 0
19.171897849068 -20.9057788401842 0
19.1923089437187 -20.0591284902766 0
18.5267623199616 -19.6189570729621 0
17.8714080078062 -18.7560152392834 0
16.5402884230134 -17.876781759318 0
15.2091691120877 -16.9975480535068 0
11.9017705294536 -13.9533672546968 0
9.25061275146436 -11.7721490226686 0
9.25061275146436 -11.7721490226686 0
7.25394984014565 -10.4527417020872 0
3.93636375840288 -7.83132787840441 0
0.608559828135185 -5.63379265926778 0
-2.70813663053559 -3.01239737123251 0
-6.70148076850455 -0.374685787130147 0
-10.0292790429085 1.82285392750055 0
-13.3561899383785 4.02037368761376 0
-19.3462087319931 7.97639508964494 0
-23.9837832712801 11.9009192115627 0
-29.3082502282923 15.4167731944472 0
-29.3082502282923 15.4167731944472 0
-29.9737915664446 15.856948710978 0
-30.6393595934496 16.2960146581754 0
-31.30490079429 16.7361902897246 0
-31.9704686847981 17.1752563458867 0
-32.6360097505385 17.6154320896603 0
-33.3117724588374 17.6317278328352 0
-33.9764545101207 18.0707726995461 0
-33.9764545101207 18.0707726995461 0
-34.6522171859979 18.087068552617 0
-35.3177580466727 18.5272445189767 0
-35.9935206911177 18.543540480081 0
-37.3450459784362 18.5761325699277 0
-38.0208086242201 18.5924286968075 0
-38.6965712701203 18.6087248777039 0
-39.382555939781 18.2011410491541 0
-40.7340813066112 18.2337336842902 0
-41.420039355522 17.8272596499883 0
-42.0958020764519 17.8435561037622 0
-42.7817869891296 17.4359725462273 0
-43.4677452112082 17.0294986725785 0
-44.1537302605575 16.6219152230769 0
-44.8396886193077 16.2154414546676 0
-44.8499109102995 15.7915613907389 0
-46.2311645939481 14.5547125926241 0
-47.6133043480804 13.3178853676654 0
-48.3094856054522 12.48753180122 0
-49.0260852132924 10.8105277838185 0
-49.7324893233599 9.55629425821826 0
-50.4490626606857 7.8803999805823 0
-50.4898993252427 6.18709897343069 0
-50.5307359776925 4.49379797233269 0
-51.2371407685569 3.23956454871222 0
-51.2575591533678 2.39291404932737 0
-51.2881733408431 1.12349312240258 0
-50.6328275435371 0.260545483790338 0
-50.6838599132607 -1.85552593646571 0
-50.0489320165943 -3.56512400088832 0
-50.0489320165943 -3.56512400088832 0
-50.0795727231307 -4.83565454930067 0
-49.444617665722 -6.54414291586727 0
-48.7994934255257 -7.83097042283043 0
-48.8301071393071 -9.10039133159444 0
-48.8709432507749 -10.7936922912486 0
-48.2258185415994 -12.0805197334848 0
-48.2768500957754 -14.1965911043808 0
-49.0036471325438 -16.2963655735366 0
-49.7406669162447 -18.8200200446881 0
-50.4572689320194 -20.4970239847898 0
-51.1738712082733 -22.1740278727375 0
-51.8700554732932 -23.0043812366202 0
-52.5764356616419 -24.2575049637817 0
-53.2726202272461 -25.0878582200967 0
-53.9790275420528 -26.3420914760791 0
-55.350952053559 -27.1550376182422 0
-56.0471371244639 -27.9853906622157 0
-57.4088928565616 -28.3766756965779 0
-58.1041925655445 -29.2070499397814 0
-60.8378742163768 -30.4112799298018 0
-62.9060129535501 -32.0556871383451 0
-64.9639561215881 -33.2773234448396 0
-66.3358828949276 -34.0902678640559 0
-67.0320696312701 -34.9206200526096 0
-67.7282565018395 -35.7509721880779 0
-69.0993250465835 -36.5650471770205 0
-69.795512256911 -37.3953991560265 0
-70.4916996001266 -38.2257510772906 0
-71.1878870777437 -39.0561029468663 0
-71.8840746903443 -39.8864547633566 0
-71.9044948765077 -40.7331052497029 0
-72.5904591812287 -41.1395769543014 0
-73.2866470951121 -41.9699286641553 0
-73.3070674110786 -42.8165791505016 0
-74.0032555245562 -43.6469308082014 0
-74.6994437716203 -44.4772824114189 0
-74.7198642146541 -45.3239328959025 0
-75.4160526613705 -46.1542844483629 0
-76.1020443388261 -46.5618655160069 0
-76.1224381459178 -47.4074063692242 0
-76.8390475284541 -49.0844082976691 0
-77.555657169316 -50.7614101758227 0
-77.5964985431638 -52.4547111410648 0
-78.3029115773388 -53.7089425381273 0
-79.0194950680016 -55.3848346732557 0
-80.4016774030169 -56.6227666595951 0
-81.1174026133958 -58.2997896308079 0
-81.8237898442894 -59.5529111279175 0
-82.5199800910195 -60.3832621471956 0
-83.9021369756665 -61.6200839709491 0
-84.588130311924 -62.0276644038968 0
-85.9702877748641 -63.2644859049469 0
-87.3422482302412 -64.0785367665812 0
-88.0384393899003 -64.9088873597793 0
-89.400202809833 -65.3001674679108 0
-90.0861699639936 -65.706637840718 0
-90.7721639515366 -66.114217793569 0
-92.1330152805313 -66.5044092019089 0
-92.8190094410675 -66.9119889917783 0
-94.180746689206 -67.3021587124094 0
-95.5425108410418 -67.6934378514998 0
-97.5800182233215 -68.0673064831644 0
-98.9417559250724 -68.4574754433706 0
-100.293295713258 -68.4248737534508 0
-102.330830326537 -68.7998508797027 0
-102.330830326537 -68.7998508797027 0
-104.357254450792 -68.7509688073769 0
-106.394762621087 -69.1248353174888 0
-108.422072541725 -69.0759308980778 0
-110.449382469174 -69.0270259864628 0
-112.476692406461 -68.9781205821782 0
-113.152462386875 -68.9618186713196 0
-113.152462386875 -68.9618186713196 0
-113.838457874837 -69.3693967866711 0
-114.51334221696 -69.3531161327846 0
-114.523540988099 -69.7758865784854 0
-115.199311039993 -69.7595845046453 0
-115.209536613314 -70.1834645872004 0
-115.885306699551 -70.1671624584123 0
-115.895505537279 -70.5899329087697 0
-116.581501299166 -70.9975108052604 0
-117.267470362014 -71.4039790187962 0
-117.973890902242 -72.6582073378377 0
-119.345856271801 -73.4722531284206 0
-120.042051479977 -74.3026012089103 0
-120.738220051397 -75.1318396022543 0
-121.444641395239 -76.3860676595941 0
-122.151036168332 -77.6391860293224 0
-122.847231979133 -78.469533898402 0
-123.553653887007 -79.7237617927603 0
-124.260049223318 -80.9768800055608 0
-124.290673664655 -82.246300982777 0
-124.997096065374 -83.5005287732929 0
-125.037946614786 -85.1938298298046 0
-125.068571131793 -86.4632508009672 0
-125.099222409888 -87.7337814075872 0
-125.119620898855 -88.5793222961947 0
-125.150272164843 -89.8498528981581 0
-125.180896653328 -91.1192738665268 0
-125.201321897679 -91.9659243868664 0
-124.556201156753 -93.2527577886358 0
-123.911053431977 -94.5384814976715 0
-123.931478525745 -95.3851320119575 0
-123.265905496664 -95.8242051475681 0
-123.276131391816 -96.2480852184817 0
-122.610558257787 -96.687158298213 0
-121.955210881541 -97.5501113887876 0
-120.624090973288 -98.429366894532 0
-119.968743246165 -99.2923198128119 0
-117.316727767466 -101.474709988572 0
-117.316727767466 -101.474709988572 0
-110.016854730609 -107.156682437286 0
-104.0480958845 -111.95939559862 0
-96.7473191390163 -117.641376990825 0
-88.1060936516151 -123.779809790663 0
-81.4717327511753 -129.02157576941 0
-78.8196979214554 -131.203952833544 0
-78.1541197428596 -131.643022140954 0
-78.1541197428596 -131.643022140954 0
-78.1643164656125 -132.065792520065 0
-77.4987649493851 -132.505971402396 0
-76.8229899476864 -132.52227021521 0
-76.1574115654221 -132.961339352652 0
-75.4816365315346 -132.97763805557 0
-75.4918598794611 -133.401518065948 0
-74.8160848109983 -133.417816713452 0
-74.1403097449802 -133.43411530694 0
-73.4645346775651 -133.450413845479 0
-72.7887596134096 -133.466712329537 0
-72.7887596134096 -133.466712329537 0
-72.1129845500691 -133.483010758646 0
-71.4372094869614 -133.499309132341 0
-70.7520970001351 -133.091706084553 0
-70.7419006534619 -132.668935711496 0
-70.0661256624153 -132.685233977623 0
-70.0559025877155 -132.261353970505 0
-70.0559025877155 -132.261353970505 0
-69.359735071077 -131.432111436967 0
-68.6737371761119 -131.024529590271 0
-68.6635409280425 -130.601759216283 0
-67.9673469193513 -129.771406944375 0
-67.9571239418583 -129.34752693912 0
-67.2609301008633 -128.517174613662 0
-67.2507339167059 -128.094404239673 0
-67.2405109704705 -127.670524234883 0
-67.2303147834027 -127.247753859963 0
-67.2200918357121 -126.823873856105 0
-67.1894765082397 -125.554453099146 0
-67.1690573649248 -124.707802717108 0
-66.4626677904744 -123.454679965042 0
-66.4422487060074 -122.608029582072 0
-65.7358326314716 -121.353797140997 0
-65.029443517793 -120.100674283225 0
-64.3230278402916 -118.846441735048 0
-62.9510613752063 -118.032386884093 0
-62.2548956586397 -117.203143821098 0
-60.8829296723707 -116.389088648371 0
-58.8360760658979 -115.591309317853 0
-57.4538882047636 -114.353373599239 0
-54.0239895341219 -112.318788201548 0
-51.2698656898574 -110.267904689535 0
-49.9080973339733 -109.87661816366 0
-49.2221289220033 -109.470144455787 0
-48.525938515435 -108.639790690038 0
-47.8408291924279 -108.232185878791 0
-46.4484489890747 -106.571478083264 0
-45.0458741838811 -104.487999708392 0
-40.8687386075617 -99.5058744014241 0
